"orgId","type of session","number","date","notBefore","notAfter","persId","chairman","spId","nodeId","titleId","taxonomyIds","topicIds","type","text string"
"parl.DruzPolZb","seja",47,"1992-10-21","11:05:00","13:35:00","",0,"DruzPolZb.1992-10-21.s047-04.sp-305","DruzPolZb.1992-10-21.s047-04.sp-305.1",DruzPolZb.1992-10-21.s047-04.toc-item1,"","","speaker","PREDSEDNIK DR. LUDVIK TOPLAK:"
"parl.DruzPolZb","seja",47,"1992-10-21","11:05:00","13:35:00","ToplakLudvik1942",1,"DruzPolZb.1992-10-21.s047-04.sp-305","DruzPolZb.1992-10-21.s047-04.sp-305.2",DruzPolZb.1992-10-21.s047-04.toc-item1,"taxonomy.3.1.3.4","topic.101","utterance","Prehajam na 47. sejo zbora. Pri njej nam je ostalo nedokončanih nekaj točk."
"parl.DruzPolZb","seja",47,"1992-10-21","11:05:00","13:35:00","ToplakLudvik1942",1,"DruzPolZb.1992-10-21.s047-04.sp-305","DruzPolZb.1992-10-21.s047-04.sp-305.3",DruzPolZb.1992-10-21.s047-04.toc-item2,"taxonomy.3.7.2.3","topic.327","utterance","Prehajamo na 4. TOČKO DNEVNEGA REDA, to je PREDLOG ZAKONA O ODKUPU TERJATEV DO IRAKA IN ZVEZNE DIREKCIJE ZA PROMET IN REZERVE IZDELKOV POSEBNEGA POMENA."
"parl.DruzPolZb","seja",47,"1992-10-21","11:05:00","13:35:00","ToplakLudvik1942",1,"DruzPolZb.1992-10-21.s047-04.sp-305","DruzPolZb.1992-10-21.s047-04.sp-305.4",DruzPolZb.1992-10-21.s047-04.toc-item2,"taxonomy.3.7.2.3","topic.327","utterance","Predlog zakona je predložila v obravnavo Vlada Republike Slovenije. Obravnavali so ga Odbor za proračun in javne finance kot matično delovno telo (ki je predlog zakona v celoti podprl in se strinja z predlogom predlagatelja, da zakon obravnavajo po hitrem postopku v dodatnem poročilu z dne 21.9.1992 pa predlagal amandma k 1. členu), in Odbor za splošnogospodarske zadeve, (ki predlaga amandma k 1. in 2. členu). Zakonodajno pravna komisija tega do 14.10 še ni obravnavala. Poslanec Gajšek je predlagal amandma k 3. členu. Predstavnik vlade k tej točki je navzoč. Želi besedo? Prosim, Drago Kolman, svetovalec vlade v Ministrstvu za finance."
"parl.DruzPolZb","seja",47,"1992-10-21","11:05:00","13:35:00","",0,"DruzPolZb.1992-10-21.s047-04.sp-306","DruzPolZb.1992-10-21.s047-04.sp-306.1",DruzPolZb.1992-10-21.s047-04.toc-item2,"","","speaker","DRAGO KOLMAN:"
"parl.DruzPolZb","seja",47,"1992-10-21","11:05:00","13:35:00","KolmanDrago",0,"DruzPolZb.1992-10-21.s047-04.sp-306","DruzPolZb.1992-10-21.s047-04.sp-306.2",DruzPolZb.1992-10-21.s047-04.toc-item2,"taxonomy.3.7.2.3","topic.327","utterance","Gospod predsednik, gospe in gospodje poslanci. Želim prav na kratko povedati razloge za ta zakon. In sicer gre za naslednje. S tem zakonom na nek način urejamo ali zaokrožujemo področja urejanja odnosov iz poslov, ki so jih imela slovenska podjetja v Iraku preko zvezne direkcije za rezerve izdelkov posebnega namena. Naj spomnim, da je bivša zvezna vlada že v začetku leta 1991 predlagala zakonsko ureditev neizterljivih terjatev do Iraka glede na to, da so bile v avgustu 90 leta uvedene mednarodne sankcije proti Iraku, kar je imelo za posledico, da so postale te terjatve bolj ali manj neizterljive, in tak status imajo tudi danes. Z zakonom bivše federacije v marcu leta 1991 je bilo določeno, da se odkupijo terjatve do Iraka po stanju 31. december 1990. Ta zakon se je nanašal na vse neplačane dospele terjatve. Zagotovljen ali predviden je bil vir sredstev za odkup teh terjatev preko tako zvanega Jubmesa in določeni so bili ostali pogoji odkupa teh terjatev, vključno z odkupom z diskontom. Glede na znane razloge v lanskem letu je ta zakon bolj ali manj neoperativen, zato izkazujejo slovenska podjetja, ki so bila angažirana v poslih direktno ali indirektno z Irakom velike neizterjane terjatve. Položaj pomembnih slovenskih podjetij je seveda zaradi tega razloga zelo otežen glede na to, da so bile v veliki meri angažirana v poslih tako z naslova namenske proizvodnje kakor seveda tudi po drugih naslovih; predvsem se je tu angažirala slovenska gradbena operativa in strojegradnja."
"parl.DruzPolZb","seja",47,"1992-10-21","11:05:00","13:35:00","KolmanDrago",0,"DruzPolZb.1992-10-21.s047-04.sp-306","DruzPolZb.1992-10-21.s047-04.sp-306.3",DruzPolZb.1992-10-21.s047-04.toc-item2,"taxonomy.3.7.2.3","topic.327","utterance","Prejšnja slovenska vlada je že v marcu lanskega leta tudi z odlokom skušala pomagati slovenskim podjetjem. In sicer je s posebnim odlokom namenila 60 milijonov mark obveznic v obliki kreditiranja terjatev, ki jih imajo slovenska podjetja do Iraka. Kot ste lahko ugotovili iz predlaganega zakona, se bo to začasno financiranje v obliki kreditiranja poračunalo na način, kot je z zakonom, ki je predlagan, tudi predvideno."
"parl.DruzPolZb","seja",47,"1992-10-21","11:05:00","13:35:00","KolmanDrago",0,"DruzPolZb.1992-10-21.s047-04.sp-306","DruzPolZb.1992-10-21.s047-04.sp-306.4",DruzPolZb.1992-10-21.s047-04.toc-item2,"taxonomy.3.7.2.3","topic.327","utterance","Zakon ureja odkup terjatev v obliki vzpostavitve javnega dolga, kajti nesporno je, da republika nima sredstev ne v letošnjem proračunu, medtem ko bo treba sredstva za poravnavo obveznosti iz naslova izdanih obveznic zagotoviti v proračunih v prihodnjem in v naslednjih letih na način, kot je določeno."
"parl.DruzPolZb","seja",47,"1992-10-21","11:05:00","13:35:00","KolmanDrago",0,"DruzPolZb.1992-10-21.s047-04.sp-306","DruzPolZb.1992-10-21.s047-04.sp-306.5",DruzPolZb.1992-10-21.s047-04.toc-item2,"taxonomy.3.7.2.3","topic.327","utterance","V dosedanji razpravi na delovnih telesih skupščine je bilo danih več pobud, tudi vloženih amandmajev za vsebinsko in tehnično operativno razširitev tega zakona. Za vsebinske predloge smatramo seveda predloge, ki se nanašajo na širitev spiska držav, za katere se smatra, da so posli z njimi slabi, neizterljivi in da jih je treba zajeti tudi v predlaganem zakonu. Dane so bile pobude in amandmaji, da se razširi to na bivšo Sovjetsko zvezo, Kubo, Srbijo, Črno goro, tudi Angolo itd."
"parl.DruzPolZb","seja",47,"1992-10-21","11:05:00","13:35:00","KolmanDrago",0,"DruzPolZb.1992-10-21.s047-04.sp-306","DruzPolZb.1992-10-21.s047-04.sp-306.6",DruzPolZb.1992-10-21.s047-04.toc-item2,"taxonomy.3.7.2.3","topic.327","utterance","Nadalje so bili dani amandmaji, da se zajamejo vse terjatve in ne samo dospele neplačane, da se odpravi odkup terjatev z diskontom, da se odkupujejo ne samo terjatve, ampak tudi stanje zalog nedokončane proizvodnje in podobno. Kar zadeva širitev spiska držav, vlada meni, da razen v primeru Iraka oz. SDP in za Kubo ni mesta za širitev spiska držav v tem zakonu in se pridružuje stališču, ki sta ga sprejela že dva zbora, da se problem ostalih spornih držav ureja posebej, glede na to, da je tudi konstrukcija predlaganega zakona, finančna konstrukcija takšna, da ne omogoča pod temi pogoji, kot so predlagani, razširitev zakona še na terjatve do ostalih držav. Predvsem je tu mišljena Sovjetska zveza, Srbija in tudi Črna gora. Vlada sprejema amandma, da se zajamejo z zakonom vse terjatve na dan, ki je z zakonom določen, ne samo dospele in neplačane, medtem ko nasprotuje amandmaju, da se črta diskont oz., da se kot terjatev smatra tudi nedokončana proizvodnja na zalogi. Vsebinska obrazložitev teh amandmajev, ki jih vlada sprejema oz. katerih ne sprejema, ste pa prejeli z dopisom republiške vlade."
"parl.DruzPolZb","seja",47,"1992-10-21","11:05:00","13:35:00","KolmanDrago",0,"DruzPolZb.1992-10-21.s047-04.sp-306","DruzPolZb.1992-10-21.s047-04.sp-306.7",DruzPolZb.1992-10-21.s047-04.toc-item2,"taxonomy.3.7.2.3","topic.327","utterance","Predlagam, da ta zakon podprete v predlagani vsebini z amandmaji, ki jih tudi vlada podpira. Hvala lepa."
"parl.DruzPolZb","seja",47,"1992-10-21","11:05:00","13:35:00","",0,"DruzPolZb.1992-10-21.s047-04.sp-307","DruzPolZb.1992-10-21.s047-04.sp-307.1",DruzPolZb.1992-10-21.s047-04.toc-item2,"","","speaker","PREDSEDNIK DR. LUDVIK TOPLAK:"
"parl.DruzPolZb","seja",47,"1992-10-21","11:05:00","13:35:00","ToplakLudvik1942",1,"DruzPolZb.1992-10-21.s047-04.sp-307","DruzPolZb.1992-10-21.s047-04.sp-307.2",DruzPolZb.1992-10-21.s047-04.toc-item2,"taxonomy.3.7.2.3","topic.327","utterance","Hvala lepa, gospodu Kolmanu, ki je v imenu predlagatelja podal uvodno besedo. Želijo besedo poročevalci delovnih teles? Poročevalci delovnih teles? Če ne, odpiram razpravo. Prosim, dr. Šešerko."
"parl.DruzPolZb","seja",47,"1992-10-21","11:05:00","13:35:00","",0,"DruzPolZb.1992-10-21.s047-04.sp-308","DruzPolZb.1992-10-21.s047-04.sp-308.1",DruzPolZb.1992-10-21.s047-04.toc-item2,"","","speaker","DR. LEO ŠEŠERKO:"
"parl.DruzPolZb","seja",47,"1992-10-21","11:05:00","13:35:00","SeserkoLeo1948",0,"DruzPolZb.1992-10-21.s047-04.sp-308","DruzPolZb.1992-10-21.s047-04.sp-308.2",DruzPolZb.1992-10-21.s047-04.toc-item2,"taxonomy.3.7.2.3","topic.327","utterance","V obrazložitvi predstavnika Vlade smo videli, da je stališče vlade, naj se rešuje tista podjetja, ki so delala za Irak, ostalih pa ne. V tem sicer gotovo je neka logika, ker razširitev veljavnosti tega zakona tudi na podjetja, ki imajo neizterjane račune do podjetij, recimo, v Srbiji in drugih jugoslovanskih republikah, bi ta zakon tako razširila, da bi postal v bistvu brez brežen; ta problematika je preširoka. Jaz želim tu opozoriti na sodelovanje z Angolo. In sicer je Splošna plovba iz Pirana v podobnih aranžmajih kot so ti z Irakom; ima neplačanih računov v višini 17 milijonov 248 tisoč ameriških dolarjev. To sodelovanje je potekalo v bistvu na isti način, ali če hočete na podoben način v povezavi z zvezno direkcijo za promet in rezerve. Ta neplačani račun ogroža to podjetje, ki ga vsi dobro poznate, zato jaz predlagam, da se vključi med države, ki so navedene, še Ljudska republika Angola oz. Angola, ker v nasprotnem primeru bo ta zakon rešil nekatera podjetja, ki so zagotovo rešitve potrebna, izpustil bo pa Splošno plovbo, ki je za slovensko gospodarstvo in slovenski nacionalni interes eno zelo pomembnih podjetij, in ustvaril neke vrste diskriminacijo pri reševanju teh podjetij, ki niso samo po svoji krivdi zašla v ta neprijeten položaj, ampak tudi po državni politiki izpred treh, štirih let. Hvala lepa."
"parl.DruzPolZb","seja",47,"1992-10-21","11:05:00","13:35:00","",0,"DruzPolZb.1992-10-21.s047-04.sp-309","DruzPolZb.1992-10-21.s047-04.sp-309.1",DruzPolZb.1992-10-21.s047-04.toc-item2,"","","speaker","PREDSEDNIK DR. LUDVIK TOPLAK:"
"parl.DruzPolZb","seja",47,"1992-10-21","11:05:00","13:35:00","ToplakLudvik1942",1,"DruzPolZb.1992-10-21.s047-04.sp-309","DruzPolZb.1992-10-21.s047-04.sp-309.2",DruzPolZb.1992-10-21.s047-04.toc-item2,"taxonomy.3.7.2.3","topic.327","utterance","Hvala lepa dr. Šešerku. Želi še kdo razpravo? Če ni več razpravljalcev, preidemo na glasovanje. Najprej o amandmajih. Mi moramo ugotoviti, da je bilo vloženih več amandmajev. Najprej amandma k naslovu zakona, kjer se predlaga, da se v naslovu zakona za besedo ""Irak"" doda beseda ""Kuba"". Predlagatelj je Vlada Republike Slovenije."
"parl.DruzPolZb","seja",47,"1992-10-21","11:05:00","13:35:00","ToplakLudvik1942",1,"DruzPolZb.1992-10-21.s047-04.sp-309","DruzPolZb.1992-10-21.s047-04.sp-309.3",DruzPolZb.1992-10-21.s047-04.toc-item2,"taxonomy.3.7.2.3","topic.327","utterance","Preidemo na glasovanje. Ugotovimo navzočnost."
"parl.DruzPolZb","seja",47,"1992-10-21","11:05:00","13:35:00","",0,"DruzPolZb.1992-10-21.s047-04.sp-309","DruzPolZb.1992-10-21.s047-04.sp-309.4",DruzPolZb.1992-10-21.s047-04.toc-item2,"","","quorum","42 navzočih."
"parl.DruzPolZb","seja",47,"1992-10-21","11:05:00","13:35:00","ToplakLudvik1942",1,"DruzPolZb.1992-10-21.s047-04.sp-309","DruzPolZb.1992-10-21.s047-04.sp-309.5",DruzPolZb.1992-10-21.s047-04.toc-item2,"taxonomy.3.7.2.3","topic.327","utterance","Kdo je za amandma vlade, da se v prvi amandma doda Kuba?"
"parl.DruzPolZb","seja",47,"1992-10-21","11:05:00","13:35:00","ToplakLudvik1942",1,"DruzPolZb.1992-10-21.s047-04.sp-309","DruzPolZb.1992-10-21.s047-04.sp-309.6",DruzPolZb.1992-10-21.s047-04.toc-item2,"taxonomy.3.7.2.3","topic.327","utterance","Kdor je za, naj prosim glasuje."
"parl.DruzPolZb","seja",47,"1992-10-21","11:05:00","13:35:00","",0,"DruzPolZb.1992-10-21.s047-04.sp-309","DruzPolZb.1992-10-21.s047-04.sp-309.7",DruzPolZb.1992-10-21.s047-04.toc-item2,"","","vote","27 poslancev."
"parl.DruzPolZb","seja",47,"1992-10-21","11:05:00","13:35:00","ToplakLudvik1942",1,"DruzPolZb.1992-10-21.s047-04.sp-309","DruzPolZb.1992-10-21.s047-04.sp-309.8",DruzPolZb.1992-10-21.s047-04.toc-item2,"taxonomy.3.7.2.3","topic.327","utterance","Je kdo proti?"
"parl.DruzPolZb","seja",47,"1992-10-21","11:05:00","13:35:00","",0,"DruzPolZb.1992-10-21.s047-04.sp-309","DruzPolZb.1992-10-21.s047-04.sp-309.9",DruzPolZb.1992-10-21.s047-04.toc-item2,"","","vote","1 poslanec."
"parl.DruzPolZb","seja",47,"1992-10-21","11:05:00","13:35:00","ToplakLudvik1942",1,"DruzPolZb.1992-10-21.s047-04.sp-309","DruzPolZb.1992-10-21.s047-04.sp-309.10",DruzPolZb.1992-10-21.s047-04.toc-item2,"taxonomy.3.7.2.3","topic.327","utterance","Se je kdo vzdržal?"
"parl.DruzPolZb","seja",47,"1992-10-21","11:05:00","13:35:00","",0,"DruzPolZb.1992-10-21.s047-04.sp-309","DruzPolZb.1992-10-21.s047-04.sp-309.11",DruzPolZb.1992-10-21.s047-04.toc-item2,"","","vote","11 poslancev."
"parl.DruzPolZb","seja",47,"1992-10-21","11:05:00","13:35:00","ToplakLudvik1942",1,"DruzPolZb.1992-10-21.s047-04.sp-309","DruzPolZb.1992-10-21.s047-04.sp-309.12",DruzPolZb.1992-10-21.s047-04.toc-item2,"taxonomy.3.7.2.3","topic.327","utterance","Ugotavljam, da je amandma izglasovan."
"parl.DruzPolZb","seja",47,"1992-10-21","11:05:00","13:35:00","ToplakLudvik1942",1,"DruzPolZb.1992-10-21.s047-04.sp-309","DruzPolZb.1992-10-21.s047-04.sp-309.13",DruzPolZb.1992-10-21.s047-04.toc-item2,"taxonomy.3.7.2.3","topic.327","utterance","Preidemo na glasovanje glede drugega amandmaja, kjer se predlaga, da se doda v naslovu poleg Iraka tudi Ljudska republika Angola. Ker se navzočnost menja, prosim, da ponovno ugotovimo navzočnost."
"parl.DruzPolZb","seja",47,"1992-10-21","11:05:00","13:35:00","",0,"DruzPolZb.1992-10-21.s047-04.sp-309","DruzPolZb.1992-10-21.s047-04.sp-309.14",DruzPolZb.1992-10-21.s047-04.toc-item2,"","","quorum","42 navzočih."
"parl.DruzPolZb","seja",47,"1992-10-21","11:05:00","13:35:00","ToplakLudvik1942",1,"DruzPolZb.1992-10-21.s047-04.sp-309","DruzPolZb.1992-10-21.s047-04.sp-309.15",DruzPolZb.1992-10-21.s047-04.toc-item2,"taxonomy.3.7.2.3","topic.327","utterance","Eden je šel, drugi prišel. Prosim, mi sledite? Gospod Pregelj ima besedo. Amandma, da se doda Ljudska republika Angola je vložil predlagatelj Peter Bekeš."
"parl.DruzPolZb","seja",47,"1992-10-21","11:05:00","13:35:00","",0,"DruzPolZb.1992-10-21.s047-04.sp-310","DruzPolZb.1992-10-21.s047-04.sp-310.1",DruzPolZb.1992-10-21.s047-04.toc-item2,"","","speaker","ŽARKO PREGELJ:"
"parl.DruzPolZb","seja",47,"1992-10-21","11:05:00","13:35:00","PregeljZarko1956",0,"DruzPolZb.1992-10-21.s047-04.sp-310","DruzPolZb.1992-10-21.s047-04.sp-310.2",DruzPolZb.1992-10-21.s047-04.toc-item2,"taxonomy.3.7.2.3","topic.327","utterance","Spoštovani! Glasoval bom za ta amandma, ker bi s tem v bistvu uredili del gospodarstva, ki se dobesedno tiče pomorskega dela slovenskega gospodarstva in, kot vsi veste, je to predvsem prevozništvo, pomorsko gospodarstvo v hudi krizi in te dajatve bi jim trenutno za tole obdobje nekako dovolile še plavati na vodi. Hvala lepa."
"parl.DruzPolZb","seja",47,"1992-10-21","11:05:00","13:35:00","",0,"DruzPolZb.1992-10-21.s047-04.sp-311","DruzPolZb.1992-10-21.s047-04.sp-311.1",DruzPolZb.1992-10-21.s047-04.toc-item2,"","","speaker","PREDSEDNIK DR. LUDVIK TOPLAK:"
"parl.DruzPolZb","seja",47,"1992-10-21","11:05:00","13:35:00","ToplakLudvik1942",1,"DruzPolZb.1992-10-21.s047-04.sp-311","DruzPolZb.1992-10-21.s047-04.sp-311.2",DruzPolZb.1992-10-21.s047-04.toc-item2,"taxonomy.3.7.2.3","topic.327","utterance","Hvala lepa. Vsebinsko enak amandma je dodal tudi g. Žorž k prvemu členu."
"parl.DruzPolZb","seja",47,"1992-10-21","11:05:00","13:35:00","ToplakLudvik1942",1,"DruzPolZb.1992-10-21.s047-04.sp-311","DruzPolZb.1992-10-21.s047-04.sp-311.3",DruzPolZb.1992-10-21.s047-04.toc-item2,"taxonomy.3.7.2.3","topic.327","utterance","Navzočnost se je ponovno spremenila. Ugotovimo navzočnost."
"parl.DruzPolZb","seja",47,"1992-10-21","11:05:00","13:35:00","",0,"DruzPolZb.1992-10-21.s047-04.sp-311","DruzPolZb.1992-10-21.s047-04.sp-311.4",DruzPolZb.1992-10-21.s047-04.toc-item2,"","","vote","45 navzočih poslancev."
"parl.DruzPolZb","seja",47,"1992-10-21","11:05:00","13:35:00","ToplakLudvik1942",1,"DruzPolZb.1992-10-21.s047-04.sp-311","DruzPolZb.1992-10-21.s047-04.sp-311.5",DruzPolZb.1992-10-21.s047-04.toc-item2,"taxonomy.3.7.2.3","topic.327","utterance","Kdo je za predlog amandmaja?"
"parl.DruzPolZb","seja",47,"1992-10-21","11:05:00","13:35:00","ToplakLudvik1942",1,"DruzPolZb.1992-10-21.s047-04.sp-311","DruzPolZb.1992-10-21.s047-04.sp-311.6",DruzPolZb.1992-10-21.s047-04.toc-item2,"taxonomy.3.7.2.3","topic.327","utterance","Kdor je za, naj prosim glasuje."
"parl.DruzPolZb","seja",47,"1992-10-21","11:05:00","13:35:00","",0,"DruzPolZb.1992-10-21.s047-04.sp-311","DruzPolZb.1992-10-21.s047-04.sp-311.7",DruzPolZb.1992-10-21.s047-04.toc-item2,"","","vote","32 poslancev."
"parl.DruzPolZb","seja",47,"1992-10-21","11:05:00","13:35:00","ToplakLudvik1942",1,"DruzPolZb.1992-10-21.s047-04.sp-311","DruzPolZb.1992-10-21.s047-04.sp-311.8",DruzPolZb.1992-10-21.s047-04.toc-item2,"taxonomy.3.7.2.3","topic.327","utterance","Je kdo proti?"
"parl.DruzPolZb","seja",47,"1992-10-21","11:05:00","13:35:00","",0,"DruzPolZb.1992-10-21.s047-04.sp-311","DruzPolZb.1992-10-21.s047-04.sp-311.9",DruzPolZb.1992-10-21.s047-04.toc-item2,"","","vote","Nihče."
"parl.DruzPolZb","seja",47,"1992-10-21","11:05:00","13:35:00","ToplakLudvik1942",1,"DruzPolZb.1992-10-21.s047-04.sp-311","DruzPolZb.1992-10-21.s047-04.sp-311.10",DruzPolZb.1992-10-21.s047-04.toc-item2,"taxonomy.3.7.2.3","topic.327","utterance","Se je kdo vzdržal?"
"parl.DruzPolZb","seja",47,"1992-10-21","11:05:00","13:35:00","",0,"DruzPolZb.1992-10-21.s047-04.sp-311","DruzPolZb.1992-10-21.s047-04.sp-311.11",DruzPolZb.1992-10-21.s047-04.toc-item2,"","","vote","10 poslancev."
"parl.DruzPolZb","seja",47,"1992-10-21","11:05:00","13:35:00","ToplakLudvik1942",1,"DruzPolZb.1992-10-21.s047-04.sp-311","DruzPolZb.1992-10-21.s047-04.sp-311.12",DruzPolZb.1992-10-21.s047-04.toc-item2,"taxonomy.3.7.2.3","topic.327","utterance","Ugotavljam, da je amandma izglasovan."
"parl.DruzPolZb","seja",47,"1992-10-21","11:05:00","13:35:00","ToplakLudvik1942",1,"DruzPolZb.1992-10-21.s047-04.sp-311","DruzPolZb.1992-10-21.s047-04.sp-311.13",DruzPolZb.1992-10-21.s047-04.toc-item2,"taxonomy.3.7.2.3","topic.327","utterance","In sedaj preidemo na amandmaje k 1. členu, kjer se predlaga, da se v prvi vrstici 1. člena se za besedo ""odkup"" črta beseda ""dospelih"". Predlagatelj je Vlada Republike Slovenije odbor podpira."
"parl.DruzPolZb","seja",47,"1992-10-21","11:05:00","13:35:00","ToplakLudvik1942",1,"DruzPolZb.1992-10-21.s047-04.sp-311","DruzPolZb.1992-10-21.s047-04.sp-311.14",DruzPolZb.1992-10-21.s047-04.toc-item2,"taxonomy.3.7.2.3","topic.327","utterance","Navzočnost se ni menjala. Kdo je za?"
"parl.DruzPolZb","seja",47,"1992-10-21","11:05:00","13:35:00","ToplakLudvik1942",1,"DruzPolZb.1992-10-21.s047-04.sp-311","DruzPolZb.1992-10-21.s047-04.sp-311.15",DruzPolZb.1992-10-21.s047-04.toc-item2,"taxonomy.3.7.2.3","topic.327","utterance","Kdor je za, naj prosim glasuje."
"parl.DruzPolZb","seja",47,"1992-10-21","11:05:00","13:35:00","",0,"DruzPolZb.1992-10-21.s047-04.sp-311","DruzPolZb.1992-10-21.s047-04.sp-311.16",DruzPolZb.1992-10-21.s047-04.toc-item2,"","","vote","39 poslancev."
"parl.DruzPolZb","seja",47,"1992-10-21","11:05:00","13:35:00","ToplakLudvik1942",1,"DruzPolZb.1992-10-21.s047-04.sp-311","DruzPolZb.1992-10-21.s047-04.sp-311.17",DruzPolZb.1992-10-21.s047-04.toc-item2,"taxonomy.3.7.2.3","topic.327","utterance","Je kdo proti?"
"parl.DruzPolZb","seja",47,"1992-10-21","11:05:00","13:35:00","",0,"DruzPolZb.1992-10-21.s047-04.sp-311","DruzPolZb.1992-10-21.s047-04.sp-311.18",DruzPolZb.1992-10-21.s047-04.toc-item2,"","","vote","Nihče."
"parl.DruzPolZb","seja",47,"1992-10-21","11:05:00","13:35:00","ToplakLudvik1942",1,"DruzPolZb.1992-10-21.s047-04.sp-311","DruzPolZb.1992-10-21.s047-04.sp-311.19",DruzPolZb.1992-10-21.s047-04.toc-item2,"taxonomy.3.7.2.3","topic.327","utterance","Se je kdo vzdržal?"
"parl.DruzPolZb","seja",47,"1992-10-21","11:05:00","13:35:00","",0,"DruzPolZb.1992-10-21.s047-04.sp-311","DruzPolZb.1992-10-21.s047-04.sp-311.20",DruzPolZb.1992-10-21.s047-04.toc-item2,"","","vote","3 poslanci."
"parl.DruzPolZb","seja",47,"1992-10-21","11:05:00","13:35:00","ToplakLudvik1942",1,"DruzPolZb.1992-10-21.s047-04.sp-311","DruzPolZb.1992-10-21.s047-04.sp-311.21",DruzPolZb.1992-10-21.s047-04.toc-item2,"taxonomy.3.7.2.3","topic.327","utterance","Ugotavljam, da je amandma izglasovan."
"parl.DruzPolZb","seja",47,"1992-10-21","11:05:00","13:35:00","ToplakLudvik1942",1,"DruzPolZb.1992-10-21.s047-04.sp-311","DruzPolZb.1992-10-21.s047-04.sp-311.22",DruzPolZb.1992-10-21.s047-04.toc-item2,"taxonomy.3.7.2.3","topic.327","utterance","Drugi amandma k istemu 1. členu predlaga, da se v drugi vrsti 1. člena za besedo ""Beograd"" doda besedilo ""ter terjatve do Kube v okviru kreditne linije po meddržavnem sporazumu med Kubo in nekdanjo SFRJ."" Predlagatelj tega amandmaja je Vlada Republike Slovenije in Odbor za proračun in javne finance."
"parl.DruzPolZb","seja",47,"1992-10-21","11:05:00","13:35:00","ToplakLudvik1942",1,"DruzPolZb.1992-10-21.s047-04.sp-311","DruzPolZb.1992-10-21.s047-04.sp-311.23",DruzPolZb.1992-10-21.s047-04.toc-item2,"taxonomy.3.7.2.3","topic.327","utterance","Kdor je za, naj prosim glasuje."
"parl.DruzPolZb","seja",47,"1992-10-21","11:05:00","13:35:00","",0,"DruzPolZb.1992-10-21.s047-04.sp-311","DruzPolZb.1992-10-21.s047-04.sp-311.24",DruzPolZb.1992-10-21.s047-04.toc-item2,"","","vote","37 poslancev."
"parl.DruzPolZb","seja",47,"1992-10-21","11:05:00","13:35:00","ToplakLudvik1942",1,"DruzPolZb.1992-10-21.s047-04.sp-311","DruzPolZb.1992-10-21.s047-04.sp-311.25",DruzPolZb.1992-10-21.s047-04.toc-item2,"taxonomy.3.7.2.3","topic.327","utterance","Je kdo proti?"
"parl.DruzPolZb","seja",47,"1992-10-21","11:05:00","13:35:00","",0,"DruzPolZb.1992-10-21.s047-04.sp-311","DruzPolZb.1992-10-21.s047-04.sp-311.26",DruzPolZb.1992-10-21.s047-04.toc-item2,"","","vote","1 poslanec."
"parl.DruzPolZb","seja",47,"1992-10-21","11:05:00","13:35:00","ToplakLudvik1942",1,"DruzPolZb.1992-10-21.s047-04.sp-311","DruzPolZb.1992-10-21.s047-04.sp-311.27",DruzPolZb.1992-10-21.s047-04.toc-item2,"taxonomy.3.7.2.3","topic.327","utterance","Se je kdo vzdržal?"
"parl.DruzPolZb","seja",47,"1992-10-21","11:05:00","13:35:00","",0,"DruzPolZb.1992-10-21.s047-04.sp-311","DruzPolZb.1992-10-21.s047-04.sp-311.28",DruzPolZb.1992-10-21.s047-04.toc-item2,"","","vote","6 poslancev."
"parl.DruzPolZb","seja",47,"1992-10-21","11:05:00","13:35:00","ToplakLudvik1942",1,"DruzPolZb.1992-10-21.s047-04.sp-311","DruzPolZb.1992-10-21.s047-04.sp-311.29",DruzPolZb.1992-10-21.s047-04.toc-item2,"taxonomy.3.7.2.3","topic.327","utterance","Ugotavljam, da je amandma izglasovan."
"parl.DruzPolZb","seja",47,"1992-10-21","11:05:00","13:35:00","ToplakLudvik1942",1,"DruzPolZb.1992-10-21.s047-04.sp-311","DruzPolZb.1992-10-21.s047-04.sp-311.30",DruzPolZb.1992-10-21.s047-04.toc-item2,"taxonomy.3.7.2.3","topic.327","utterance","In sedaj pridemo na tretji amandma k 1. členu, kjer se predlaga, da se za besedo ""Beograd"" doda naslednje besede: ""vendar samo za terjatve, ki so vezane na posle z Irakom."" Predlagatelj je Odbor za splošno gospodarske zadeve. Vlada ne sprejema, ker je v nasprotju z dosedaj sprejetim glasovanjem. Kdo je za amandma?"
"parl.DruzPolZb","seja",47,"1992-10-21","11:05:00","13:35:00","ToplakLudvik1942",1,"DruzPolZb.1992-10-21.s047-04.sp-311","DruzPolZb.1992-10-21.s047-04.sp-311.31",DruzPolZb.1992-10-21.s047-04.toc-item2,"taxonomy.3.7.2.3","topic.327","utterance","Kdor je za, naj prosim glasuje."
"parl.DruzPolZb","seja",47,"1992-10-21","11:05:00","13:35:00","",0,"DruzPolZb.1992-10-21.s047-04.sp-311","DruzPolZb.1992-10-21.s047-04.sp-311.32",DruzPolZb.1992-10-21.s047-04.toc-item2,"","","vote","16 poslancev."
"parl.DruzPolZb","seja",47,"1992-10-21","11:05:00","13:35:00","ToplakLudvik1942",1,"DruzPolZb.1992-10-21.s047-04.sp-311","DruzPolZb.1992-10-21.s047-04.sp-311.33",DruzPolZb.1992-10-21.s047-04.toc-item2,"taxonomy.3.7.2.3","topic.327","utterance","Je kdo proti?"
"parl.DruzPolZb","seja",47,"1992-10-21","11:05:00","13:35:00","",0,"DruzPolZb.1992-10-21.s047-04.sp-311","DruzPolZb.1992-10-21.s047-04.sp-311.34",DruzPolZb.1992-10-21.s047-04.toc-item2,"","","vote","16 poslancev."
"parl.DruzPolZb","seja",47,"1992-10-21","11:05:00","13:35:00","ToplakLudvik1942",1,"DruzPolZb.1992-10-21.s047-04.sp-311","DruzPolZb.1992-10-21.s047-04.sp-311.35",DruzPolZb.1992-10-21.s047-04.toc-item2,"taxonomy.3.7.2.3","topic.327","utterance","Se je kdo vzdržal?"
"parl.DruzPolZb","seja",47,"1992-10-21","11:05:00","13:35:00","",0,"DruzPolZb.1992-10-21.s047-04.sp-311","DruzPolZb.1992-10-21.s047-04.sp-311.36",DruzPolZb.1992-10-21.s047-04.toc-item2,"","","vote","8 poslancev."
"parl.DruzPolZb","seja",47,"1992-10-21","11:05:00","13:35:00","ToplakLudvik1942",1,"DruzPolZb.1992-10-21.s047-04.sp-311","DruzPolZb.1992-10-21.s047-04.sp-311.37",DruzPolZb.1992-10-21.s047-04.toc-item2,"taxonomy.3.7.2.3","topic.327","utterance","Ugotavljam, da amandma ni izglasovan."
"parl.DruzPolZb","seja",47,"1992-10-21","11:05:00","13:35:00","ToplakLudvik1942",1,"DruzPolZb.1992-10-21.s047-04.sp-311","DruzPolZb.1992-10-21.s047-04.sp-311.38",DruzPolZb.1992-10-21.s047-04.toc-item2,"taxonomy.3.7.2.3","topic.327","utterance","In s tem konsistentno k prejšnjemu amandmaju."
"parl.DruzPolZb","seja",47,"1992-10-21","11:05:00","13:35:00","ToplakLudvik1942",1,"DruzPolZb.1992-10-21.s047-04.sp-311","DruzPolZb.1992-10-21.s047-04.sp-311.39",DruzPolZb.1992-10-21.s047-04.toc-item2,"taxonomy.3.7.2.3","topic.327","utterance","4. amandma, k istemu členu predlaga, da se 1. členu doda drugi odstavek, ki se glasi: ""S tem zakonom se ureja tudi odkup neplačanih terjatev do Republike Angole"", ki ga je vložil Peter Bekeš. Če se gospod Žorž strinja. G. Žorž je dodal naslednji amandma, kjer pravi: ""S tem zakonom se ureja tudi odkup republiških terjatev do republike Angole;"" isto identično. Gre za različno besedo: ""neplačanih"" terjatev Republike Angole - po gospodu Bekešu in pa ""republiških terjatev do Ljudske republike Angole"". Se strinja s spremembo, da velja ""neplačanih terjatev""? Da?"
"parl.DruzPolZb","seja",47,"1992-10-21","11:05:00","13:35:00","ToplakLudvik1942",1,"DruzPolZb.1992-10-21.s047-04.sp-311","DruzPolZb.1992-10-21.s047-04.sp-311.40",DruzPolZb.1992-10-21.s047-04.toc-item2,"taxonomy.3.7.2.3","topic.327","utterance","Kdo je za amandma, združili smo 4. in 5. amandma Bekeša in Žorža."
"parl.DruzPolZb","seja",47,"1992-10-21","11:05:00","13:35:00","ToplakLudvik1942",1,"DruzPolZb.1992-10-21.s047-04.sp-311","DruzPolZb.1992-10-21.s047-04.sp-311.41",DruzPolZb.1992-10-21.s047-04.toc-item2,"taxonomy.3.7.2.3","topic.327","utterance","Kdor je za, naj prosim glasuje."
"parl.DruzPolZb","seja",47,"1992-10-21","11:05:00","13:35:00","",0,"DruzPolZb.1992-10-21.s047-04.sp-311","DruzPolZb.1992-10-21.s047-04.sp-311.42",DruzPolZb.1992-10-21.s047-04.toc-item2,"","","vote","27 poslancev."
"parl.DruzPolZb","seja",47,"1992-10-21","11:05:00","13:35:00","ToplakLudvik1942",1,"DruzPolZb.1992-10-21.s047-04.sp-311","DruzPolZb.1992-10-21.s047-04.sp-311.43",DruzPolZb.1992-10-21.s047-04.toc-item2,"taxonomy.3.7.2.3","topic.327","utterance","Je kdo proti?"
"parl.DruzPolZb","seja",47,"1992-10-21","11:05:00","13:35:00","",0,"DruzPolZb.1992-10-21.s047-04.sp-311","DruzPolZb.1992-10-21.s047-04.sp-311.44",DruzPolZb.1992-10-21.s047-04.toc-item2,"","","vote","7 poslancev."
"parl.DruzPolZb","seja",47,"1992-10-21","11:05:00","13:35:00","ToplakLudvik1942",1,"DruzPolZb.1992-10-21.s047-04.sp-311","DruzPolZb.1992-10-21.s047-04.sp-311.45",DruzPolZb.1992-10-21.s047-04.toc-item2,"taxonomy.3.7.2.3","topic.327","utterance","Se je kdo vzdržal?"
"parl.DruzPolZb","seja",47,"1992-10-21","11:05:00","13:35:00","",0,"DruzPolZb.1992-10-21.s047-04.sp-311","DruzPolZb.1992-10-21.s047-04.sp-311.46",DruzPolZb.1992-10-21.s047-04.toc-item2,"","","vote","5 poslancev."
"parl.DruzPolZb","seja",47,"1992-10-21","11:05:00","13:35:00","ToplakLudvik1942",1,"DruzPolZb.1992-10-21.s047-04.sp-311","DruzPolZb.1992-10-21.s047-04.sp-311.47",DruzPolZb.1992-10-21.s047-04.toc-item2,"taxonomy.3.7.2.3","topic.327","utterance","Ugotavljam, da amandma je izglasovan."
"parl.DruzPolZb","seja",47,"1992-10-21","11:05:00","13:35:00","ToplakLudvik1942",1,"DruzPolZb.1992-10-21.s047-04.sp-311","DruzPolZb.1992-10-21.s047-04.sp-311.48",DruzPolZb.1992-10-21.s047-04.toc-item2,"taxonomy.3.7.2.3","topic.327","utterance","Prehajamo na amandmaje k 2. členu, kjer se predlaga, da se v prvi vrsti drugega člena za besedo ""za"" črta beseda ""dospele"". Predlagatelj je Vlada Republike Slovenije."
"parl.DruzPolZb","seja",47,"1992-10-21","11:05:00","13:35:00","ToplakLudvik1942",1,"DruzPolZb.1992-10-21.s047-04.sp-311","DruzPolZb.1992-10-21.s047-04.sp-311.49",DruzPolZb.1992-10-21.s047-04.toc-item2,"taxonomy.3.7.2.3","topic.327","utterance","Kdor je za, naj prosim glasuje."
"parl.DruzPolZb","seja",47,"1992-10-21","11:05:00","13:35:00","",0,"DruzPolZb.1992-10-21.s047-04.sp-311","DruzPolZb.1992-10-21.s047-04.sp-311.50",DruzPolZb.1992-10-21.s047-04.toc-item2,"","","vote","41 poslancev."
"parl.DruzPolZb","seja",47,"1992-10-21","11:05:00","13:35:00","ToplakLudvik1942",1,"DruzPolZb.1992-10-21.s047-04.sp-311","DruzPolZb.1992-10-21.s047-04.sp-311.51",DruzPolZb.1992-10-21.s047-04.toc-item2,"taxonomy.3.7.2.3","topic.327","utterance","Je kdo proti?"
"parl.DruzPolZb","seja",47,"1992-10-21","11:05:00","13:35:00","",0,"DruzPolZb.1992-10-21.s047-04.sp-311","DruzPolZb.1992-10-21.s047-04.sp-311.52",DruzPolZb.1992-10-21.s047-04.toc-item2,"","","vote","1 poslanec."
"parl.DruzPolZb","seja",47,"1992-10-21","11:05:00","13:35:00","ToplakLudvik1942",1,"DruzPolZb.1992-10-21.s047-04.sp-311","DruzPolZb.1992-10-21.s047-04.sp-311.53",DruzPolZb.1992-10-21.s047-04.toc-item2,"taxonomy.3.7.2.3","topic.327","utterance","Se je kdo vzdržal?"
"parl.DruzPolZb","seja",47,"1992-10-21","11:05:00","13:35:00","",0,"DruzPolZb.1992-10-21.s047-04.sp-311","DruzPolZb.1992-10-21.s047-04.sp-311.54",DruzPolZb.1992-10-21.s047-04.toc-item2,"","","vote","2 poslanca."
"parl.DruzPolZb","seja",47,"1992-10-21","11:05:00","13:35:00","ToplakLudvik1942",1,"DruzPolZb.1992-10-21.s047-04.sp-311","DruzPolZb.1992-10-21.s047-04.sp-311.55",DruzPolZb.1992-10-21.s047-04.toc-item2,"taxonomy.3.7.2.3","topic.327","utterance","Ugotavljam, da je amandma izglasovan."
"parl.DruzPolZb","seja",47,"1992-10-21","11:05:00","13:35:00","ToplakLudvik1942",1,"DruzPolZb.1992-10-21.s047-04.sp-311","DruzPolZb.1992-10-21.s047-04.sp-311.56",DruzPolZb.1992-10-21.s047-04.toc-item2,"taxonomy.3.7.2.3","topic.327","utterance","Drugi amandma k istemu 2. členu predlaga, da se za besedami ""investicijska dela"" vrinejo besede ""kakor tudi nedokončane proizvodnje"". Predlagatelj je Odbor za splošno gospodarske zadeve. Vlada ga ne podpira."
"parl.DruzPolZb","seja",47,"1992-10-21","11:05:00","13:35:00","ToplakLudvik1942",1,"DruzPolZb.1992-10-21.s047-04.sp-311","DruzPolZb.1992-10-21.s047-04.sp-311.57",DruzPolZb.1992-10-21.s047-04.toc-item2,"taxonomy.3.7.2.3","topic.327","utterance","Kdor je za, naj prosim glasuje."
"parl.DruzPolZb","seja",47,"1992-10-21","11:05:00","13:35:00","",0,"DruzPolZb.1992-10-21.s047-04.sp-311","DruzPolZb.1992-10-21.s047-04.sp-311.58",DruzPolZb.1992-10-21.s047-04.toc-item2,"","","vote","4 poslanci."
"parl.DruzPolZb","seja",47,"1992-10-21","11:05:00","13:35:00","ToplakLudvik1942",1,"DruzPolZb.1992-10-21.s047-04.sp-311","DruzPolZb.1992-10-21.s047-04.sp-311.59",DruzPolZb.1992-10-21.s047-04.toc-item2,"taxonomy.3.7.2.3","topic.327","utterance","Je kdo proti?"
"parl.DruzPolZb","seja",47,"1992-10-21","11:05:00","13:35:00","",0,"DruzPolZb.1992-10-21.s047-04.sp-311","DruzPolZb.1992-10-21.s047-04.sp-311.60",DruzPolZb.1992-10-21.s047-04.toc-item2,"","","vote","10 poslancev."
"parl.DruzPolZb","seja",47,"1992-10-21","11:05:00","13:35:00","ToplakLudvik1942",1,"DruzPolZb.1992-10-21.s047-04.sp-311","DruzPolZb.1992-10-21.s047-04.sp-311.61",DruzPolZb.1992-10-21.s047-04.toc-item2,"taxonomy.3.7.2.3","topic.327","utterance","Se je kdo vzdržal?"
"parl.DruzPolZb","seja",47,"1992-10-21","11:05:00","13:35:00","",0,"DruzPolZb.1992-10-21.s047-04.sp-311","DruzPolZb.1992-10-21.s047-04.sp-311.62",DruzPolZb.1992-10-21.s047-04.toc-item2,"","","vote","21 poslancev."
"parl.DruzPolZb","seja",47,"1992-10-21","11:05:00","13:35:00","ToplakLudvik1942",1,"DruzPolZb.1992-10-21.s047-04.sp-311","DruzPolZb.1992-10-21.s047-04.sp-311.63",DruzPolZb.1992-10-21.s047-04.toc-item2,"taxonomy.3.7.2.3","topic.327","utterance","Ugotavljam, da amandma ni izglasovan."
"parl.DruzPolZb","seja",47,"1992-10-21","11:05:00","13:35:00","ToplakLudvik1942",1,"DruzPolZb.1992-10-21.s047-04.sp-311","DruzPolZb.1992-10-21.s047-04.sp-311.64",DruzPolZb.1992-10-21.s047-04.toc-item2,"taxonomy.3.7.2.3","topic.327","utterance","Amandma k 3. členu. Prvi amandma predlaga, da se drugi stavek črta. Predlagatelj je Janez Gajšek. Vlada ga ne podpira."
"parl.DruzPolZb","seja",47,"1992-10-21","11:05:00","13:35:00","ToplakLudvik1942",1,"DruzPolZb.1992-10-21.s047-04.sp-311","DruzPolZb.1992-10-21.s047-04.sp-311.65",DruzPolZb.1992-10-21.s047-04.toc-item2,"taxonomy.3.7.2.3","topic.327","utterance","Kdor je za, naj prosim glasuje."
"parl.DruzPolZb","seja",47,"1992-10-21","11:05:00","13:35:00","",0,"DruzPolZb.1992-10-21.s047-04.sp-311","DruzPolZb.1992-10-21.s047-04.sp-311.66",DruzPolZb.1992-10-21.s047-04.toc-item2,"","","vote","6 poslancev."
"parl.DruzPolZb","seja",47,"1992-10-21","11:05:00","13:35:00","ToplakLudvik1942",1,"DruzPolZb.1992-10-21.s047-04.sp-311","DruzPolZb.1992-10-21.s047-04.sp-311.67",DruzPolZb.1992-10-21.s047-04.toc-item2,"taxonomy.3.7.2.3","topic.327","utterance","Je kdo proti?"
"parl.DruzPolZb","seja",47,"1992-10-21","11:05:00","13:35:00","",0,"DruzPolZb.1992-10-21.s047-04.sp-311","DruzPolZb.1992-10-21.s047-04.sp-311.68",DruzPolZb.1992-10-21.s047-04.toc-item2,"","","vote","16 poslancev."
"parl.DruzPolZb","seja",47,"1992-10-21","11:05:00","13:35:00","ToplakLudvik1942",1,"DruzPolZb.1992-10-21.s047-04.sp-311","DruzPolZb.1992-10-21.s047-04.sp-311.69",DruzPolZb.1992-10-21.s047-04.toc-item2,"taxonomy.3.7.2.3","topic.327","utterance","Se je kdo vzdržal?"
"parl.DruzPolZb","seja",47,"1992-10-21","11:05:00","13:35:00","",0,"DruzPolZb.1992-10-21.s047-04.sp-311","DruzPolZb.1992-10-21.s047-04.sp-311.70",DruzPolZb.1992-10-21.s047-04.toc-item2,"","","vote","16 poslancev."
"parl.DruzPolZb","seja",47,"1992-10-21","11:05:00","13:35:00","ToplakLudvik1942",1,"DruzPolZb.1992-10-21.s047-04.sp-311","DruzPolZb.1992-10-21.s047-04.sp-311.71",DruzPolZb.1992-10-21.s047-04.toc-item2,"taxonomy.3.7.2.3","topic.327","utterance","Ugotavljam, da amandma ni izglasovan."
"parl.DruzPolZb","seja",47,"1992-10-21","11:05:00","13:35:00","ToplakLudvik1942",1,"DruzPolZb.1992-10-21.s047-04.sp-311","DruzPolZb.1992-10-21.s047-04.sp-311.72",DruzPolZb.1992-10-21.s047-04.toc-item2,"taxonomy.3.7.2.3","topic.327","utterance","In sedaj dajmo na glasovanje zakon v celoti z amandmaji, kakor smo jih izglasovali. Ugotovimo navzočnost. Navzočnost ugotavljamo prosim."
"parl.DruzPolZb","seja",47,"1992-10-21","11:05:00","13:35:00","",0,"DruzPolZb.1992-10-21.s047-04.sp-311","DruzPolZb.1992-10-21.s047-04.sp-311.73",DruzPolZb.1992-10-21.s047-04.toc-item2,"","","vote","43 poslancev."
"parl.DruzPolZb","seja",47,"1992-10-21","11:05:00","13:35:00","ToplakLudvik1942",1,"DruzPolZb.1992-10-21.s047-04.sp-311","DruzPolZb.1992-10-21.s047-04.sp-311.74",DruzPolZb.1992-10-21.s047-04.toc-item2,"taxonomy.3.7.2.3","topic.327","utterance","Kdor je za, naj, prosim, glasuje."
"parl.DruzPolZb","seja",47,"1992-10-21","11:05:00","13:35:00","",0,"DruzPolZb.1992-10-21.s047-04.sp-311","DruzPolZb.1992-10-21.s047-04.sp-311.75",DruzPolZb.1992-10-21.s047-04.toc-item2,"","","vote","41 poslancev."
"parl.DruzPolZb","seja",47,"1992-10-21","11:05:00","13:35:00","ToplakLudvik1942",1,"DruzPolZb.1992-10-21.s047-04.sp-311","DruzPolZb.1992-10-21.s047-04.sp-311.76",DruzPolZb.1992-10-21.s047-04.toc-item2,"taxonomy.3.7.2.3","topic.327","utterance","Je kdo proti?"
"parl.DruzPolZb","seja",47,"1992-10-21","11:05:00","13:35:00","",0,"DruzPolZb.1992-10-21.s047-04.sp-311","DruzPolZb.1992-10-21.s047-04.sp-311.77",DruzPolZb.1992-10-21.s047-04.toc-item2,"","","vote","1 poslanec."
"parl.DruzPolZb","seja",47,"1992-10-21","11:05:00","13:35:00","ToplakLudvik1942",1,"DruzPolZb.1992-10-21.s047-04.sp-311","DruzPolZb.1992-10-21.s047-04.sp-311.78",DruzPolZb.1992-10-21.s047-04.toc-item2,"taxonomy.3.7.2.3","topic.327","utterance","Se je kdo vzdržal?"
"parl.DruzPolZb","seja",47,"1992-10-21","11:05:00","13:35:00","",0,"DruzPolZb.1992-10-21.s047-04.sp-311","DruzPolZb.1992-10-21.s047-04.sp-311.79",DruzPolZb.1992-10-21.s047-04.toc-item2,"","","vote","2 poslanca."
"parl.DruzPolZb","seja",47,"1992-10-21","11:05:00","13:35:00","ToplakLudvik1942",1,"DruzPolZb.1992-10-21.s047-04.sp-311","DruzPolZb.1992-10-21.s047-04.sp-311.80",DruzPolZb.1992-10-21.s047-04.toc-item2,"taxonomy.3.7.2.3","topic.327","utterance","Ugotavljam, da je zakon z amandmaji, kakor smo jih izglasovali izglasovan; 41 za, eden poti in dva vzdržana."
"parl.DruzPolZb","seja",47,"1992-10-21","11:05:00","13:35:00","ToplakLudvik1942",1,"DruzPolZb.1992-10-21.s047-04.sp-311","DruzPolZb.1992-10-21.s047-04.sp-311.81",DruzPolZb.1992-10-21.s047-04.toc-item2,"taxonomy.3.7.2.3","topic.327","utterance","In sedaj bi predlagal še, da imenujemo 5-člansko delovno skupino za usklajevanje k temu zakonu. Pardon, se opravičujem, smo jo že imenovali. Hvala, bomo našli. Res je, hvala lepa."
"parl.DruzPolZb","seja",47,"1992-10-21","11:05:00","13:35:00","ToplakLudvik1942",1,"DruzPolZb.1992-10-21.s047-04.sp-311","DruzPolZb.1992-10-21.s047-04.sp-311.82",DruzPolZb.1992-10-21.s047-04.toc-item2,"taxonomy.3.7.2.3","topic.327","utterance","Odbor za splošno gospodarske zadeve (hvala, da ste opozorili) predlaga dodatni sklep, da Družbenopolitični zbor Skupščine Republike Slovenije zadolžuje Vlado Republike Slovenije, da v okviru realnih možnosti tudi za zadeve, za katere se vlagajo nekateri amandmaji v zvezi z odkupom neplačanih terjatev iz poslov v bivši Sovjetski zvezi in Kubi ter terjatev iz naslova odvzetega premoženja s strani Srbije in Črne gore izven obravnavanega zakona poišče rešitve in pripravi v roku enega meseca predpise, ki bodo neposredno in ločeno reševali problematiko odkupa terjatev slovenskih podjetij."
"parl.DruzPolZb","seja",47,"1992-10-21","11:05:00","13:35:00","ToplakLudvik1942",1,"DruzPolZb.1992-10-21.s047-04.sp-311","DruzPolZb.1992-10-21.s047-04.sp-311.83",DruzPolZb.1992-10-21.s047-04.toc-item2,"taxonomy.3.7.2.3","topic.327","utterance","Prosim, gospod Tone Anderlič."
"parl.DruzPolZb","seja",47,"1992-10-21","11:05:00","13:35:00","",0,"DruzPolZb.1992-10-21.s047-04.sp-312","DruzPolZb.1992-10-21.s047-04.sp-312.1",DruzPolZb.1992-10-21.s047-04.toc-item2,"","","speaker","TONE ANDERLIČ"
"parl.DruzPolZb","seja",47,"1992-10-21","11:05:00","13:35:00","AnderlicTone1956",0,"DruzPolZb.1992-10-21.s047-04.sp-312","DruzPolZb.1992-10-21.s047-04.sp-312.2",DruzPolZb.1992-10-21.s047-04.toc-item2,"taxonomy.3.7.2.3","topic.327","utterance",": Odbor je sprejel ta predlog sklepa na osnovi predlogov, ki so bili podani v razpravi ob osnutku in na samem odboru, kajti smatralo se je, da tako Kuba kot tudi nekatere druge stvari, danes je prišla Angola, ne bodo prišle v ta zakon in naj se za te stvari tudi išče možnost razreševanja te situacije (in najbrž so še kakšne stvari, ki niso bile v obravnavi) in naj vlada naredi nek napor za to, da se to uredi. Konkretno pa bi tukaj črtali Kubo, ker je Kuba že vključena, drugo naj pa ostane tako kot je."
"parl.DruzPolZb","seja",47,"1992-10-21","11:05:00","13:35:00","",0,"DruzPolZb.1992-10-21.s047-04.sp-313","DruzPolZb.1992-10-21.s047-04.sp-313.1",DruzPolZb.1992-10-21.s047-04.toc-item2,"","","speaker","PREDSEDNIK DR. LUDVIK TOPLAK:"
"parl.DruzPolZb","seja",47,"1992-10-21","11:05:00","13:35:00","ToplakLudvik1942",1,"DruzPolZb.1992-10-21.s047-04.sp-313","DruzPolZb.1992-10-21.s047-04.sp-313.2",DruzPolZb.1992-10-21.s047-04.toc-item2,"taxonomy.3.7.2.3","topic.327","utterance","Hvala lepa."
"parl.DruzPolZb","seja",47,"1992-10-21","11:05:00","13:35:00","ToplakLudvik1942",1,"DruzPolZb.1992-10-21.s047-04.sp-313","DruzPolZb.1992-10-21.s047-04.sp-313.3",DruzPolZb.1992-10-21.s047-04.toc-item2,"taxonomy.3.7.2.3","topic.327","utterance","Skratka, da se predlog prej prečitanega sklepa spremeni tako, da se briše besedi ""Kubi ter"". Pardon, da se črta besedi ""in Kubi""."
"parl.DruzPolZb","seja",47,"1992-10-21","11:05:00","13:35:00","ToplakLudvik1942",1,"DruzPolZb.1992-10-21.s047-04.sp-313","DruzPolZb.1992-10-21.s047-04.sp-313.4",DruzPolZb.1992-10-21.s047-04.toc-item2,"taxonomy.3.7.2.3","topic.327","utterance","Ugotovimo navzočnost."
"parl.DruzPolZb","seja",47,"1992-10-21","11:05:00","13:35:00","",0,"DruzPolZb.1992-10-21.s047-04.sp-313","DruzPolZb.1992-10-21.s047-04.sp-313.5",DruzPolZb.1992-10-21.s047-04.toc-item2,"","","vote","Navzočih 44 poslancev."
"parl.DruzPolZb","seja",47,"1992-10-21","11:05:00","13:35:00","ToplakLudvik1942",1,"DruzPolZb.1992-10-21.s047-04.sp-313","DruzPolZb.1992-10-21.s047-04.sp-313.6",DruzPolZb.1992-10-21.s047-04.toc-item2,"taxonomy.3.7.2.3","topic.327","utterance","Tako spremenjen sklep dajem na glasovanje."
"parl.DruzPolZb","seja",47,"1992-10-21","11:05:00","13:35:00","ToplakLudvik1942",1,"DruzPolZb.1992-10-21.s047-04.sp-313","DruzPolZb.1992-10-21.s047-04.sp-313.7",DruzPolZb.1992-10-21.s047-04.toc-item2,"taxonomy.3.7.2.3","topic.327","utterance","Kdor je za, naj prosim glasuje."
"parl.DruzPolZb","seja",47,"1992-10-21","11:05:00","13:35:00","",0,"DruzPolZb.1992-10-21.s047-04.sp-313","DruzPolZb.1992-10-21.s047-04.sp-313.8",DruzPolZb.1992-10-21.s047-04.toc-item2,"","","vote","39 poslancev."
"parl.DruzPolZb","seja",47,"1992-10-21","11:05:00","13:35:00","ToplakLudvik1942",1,"DruzPolZb.1992-10-21.s047-04.sp-313","DruzPolZb.1992-10-21.s047-04.sp-313.9",DruzPolZb.1992-10-21.s047-04.toc-item2,"taxonomy.3.7.2.3","topic.327","utterance","Je kdo proti?"
"parl.DruzPolZb","seja",47,"1992-10-21","11:05:00","13:35:00","",0,"DruzPolZb.1992-10-21.s047-04.sp-313","DruzPolZb.1992-10-21.s047-04.sp-313.10",DruzPolZb.1992-10-21.s047-04.toc-item2,"","","vote","2 poslanca."
"parl.DruzPolZb","seja",47,"1992-10-21","11:05:00","13:35:00","ToplakLudvik1942",1,"DruzPolZb.1992-10-21.s047-04.sp-313","DruzPolZb.1992-10-21.s047-04.sp-313.11",DruzPolZb.1992-10-21.s047-04.toc-item2,"taxonomy.3.7.2.3","topic.327","utterance","Se je kdo vzdržal?"
"parl.DruzPolZb","seja",47,"1992-10-21","11:05:00","13:35:00","",0,"DruzPolZb.1992-10-21.s047-04.sp-313","DruzPolZb.1992-10-21.s047-04.sp-313.12",DruzPolZb.1992-10-21.s047-04.toc-item2,"","","vote","2 poslanca."
"parl.DruzPolZb","seja",47,"1992-10-21","11:05:00","13:35:00","ToplakLudvik1942",1,"DruzPolZb.1992-10-21.s047-04.sp-313","DruzPolZb.1992-10-21.s047-04.sp-313.13",DruzPolZb.1992-10-21.s047-04.toc-item2,"taxonomy.3.7.2.3","topic.327","utterance","Ugotavljam, da je z 39 za, 2 proti in 2 aktivno vzdržanima predlog tako spremenjenega dodatnega sklepa izglasovan."
"parl.DruzPolZb","seja",47,"1992-10-21","11:05:00","13:35:00","ToplakLudvik1942",1,"DruzPolZb.1992-10-21.s047-04.sp-313","DruzPolZb.1992-10-21.s047-04.sp-313.14",DruzPolZb.1992-10-21.s047-04.toc-item2,"taxonomy.3.7.2.3","topic.327","utterance","In sedaj prosim 5-člansko komisijo za usklajevanje. Prosim. Žorž, dobro. Pregelj Žare, Janez Kopač, Tone Anderlič, Izidor Rejc. Tu pripominja gospod podpredsednik, da sta Kopač in Anderlič iz iste stranke in, da to pač ni v skladu z dogovorjenim principom. Dodatni predlog? Če ne, dobro, zmenjeno. Še enkrat dajem predlog na glasovanje. To so: Žorž, Žarko Pregelj, Janez Kopač, Tone Anderlič in Izidor Rejc. Kdo je za tako delovno skupino?"
"parl.DruzPolZb","seja",47,"1992-10-21","11:05:00","13:35:00","ToplakLudvik1942",1,"DruzPolZb.1992-10-21.s047-04.sp-313","DruzPolZb.1992-10-21.s047-04.sp-313.15",DruzPolZb.1992-10-21.s047-04.toc-item2,"taxonomy.3.7.2.3","topic.327","utterance","Kdor je za, naj prosim glasuje."
"parl.DruzPolZb","seja",47,"1992-10-21","11:05:00","13:35:00","",0,"DruzPolZb.1992-10-21.s047-04.sp-313","DruzPolZb.1992-10-21.s047-04.sp-313.16",DruzPolZb.1992-10-21.s047-04.toc-item2,"","","vote","42 poslancev."
"parl.DruzPolZb","seja",47,"1992-10-21","11:05:00","13:35:00","ToplakLudvik1942",1,"DruzPolZb.1992-10-21.s047-04.sp-313","DruzPolZb.1992-10-21.s047-04.sp-313.17",DruzPolZb.1992-10-21.s047-04.toc-item2,"taxonomy.3.7.2.3","topic.327","utterance","Je kdo proti?"
"parl.DruzPolZb","seja",47,"1992-10-21","11:05:00","13:35:00","",0,"DruzPolZb.1992-10-21.s047-04.sp-313","DruzPolZb.1992-10-21.s047-04.sp-313.18",DruzPolZb.1992-10-21.s047-04.toc-item2,"","","vote","Nihče."
"parl.DruzPolZb","seja",47,"1992-10-21","11:05:00","13:35:00","ToplakLudvik1942",1,"DruzPolZb.1992-10-21.s047-04.sp-313","DruzPolZb.1992-10-21.s047-04.sp-313.19",DruzPolZb.1992-10-21.s047-04.toc-item2,"taxonomy.3.7.2.3","topic.327","utterance","Se je kdo vzdržal?"
"parl.DruzPolZb","seja",47,"1992-10-21","11:05:00","13:35:00","",0,"DruzPolZb.1992-10-21.s047-04.sp-313","DruzPolZb.1992-10-21.s047-04.sp-313.20",DruzPolZb.1992-10-21.s047-04.toc-item2,"","","vote","Nihče."
"parl.DruzPolZb","seja",47,"1992-10-21","11:05:00","13:35:00","ToplakLudvik1942",1,"DruzPolZb.1992-10-21.s047-04.sp-313","DruzPolZb.1992-10-21.s047-04.sp-313.21",DruzPolZb.1992-10-21.s047-04.toc-item2,"taxonomy.3.7.2.3","topic.327","utterance","Ugotavljam, da je predlog soglasno izglasovan."
"parl.DruzPolZb","seja",47,"1992-10-21","11:05:00","13:35:00","ToplakLudvik1942",1,"DruzPolZb.1992-10-21.s047-04.sp-313","DruzPolZb.1992-10-21.s047-04.sp-313.22",DruzPolZb.1992-10-21.s047-04.toc-item3,"taxonomy.3.2.2.2.47","topic.184","utterance","In sedaj prehajamo na 6. TOČKO DNEVNEGA REDA, to je PREDLOG ZAKONA O RATIFIKACIJI SPORAZUMA MED VLADO REPUBLIKE SLOVENIJE IN VLADO REPUBLIKE MADŽARSKE O UKINITVI VIZUMOV."
"parl.DruzPolZb","seja",47,"1992-10-21","11:05:00","13:35:00","ToplakLudvik1942",1,"DruzPolZb.1992-10-21.s047-04.sp-313","DruzPolZb.1992-10-21.s047-04.sp-313.23",DruzPolZb.1992-10-21.s047-04.toc-item3,"taxonomy.3.2.2.2.47","topic.184","utterance","Predlog zakona je predložila v obravnavo Vlada Republike Slovenije. Obravnavali sta ga Komisija za mednarodne odnose (ki soglaša z navedenim predlogom zakona in predlaga zborom Skupščine Republike Slovenije, naj sprejme predlog zakona o ratifikaciji sporazuma med Vlado Republike Slovenije in Vlado Madžarske o ukinitvi vizumov.) in Zakonodajno-pravna komisija. Predstavnik vlade k tej točki želi besedo?"
"parl.DruzPolZb","seja",47,"1992-10-21","11:05:00","13:35:00","",0,"DruzPolZb.1992-10-21.s047-04.sp-313","DruzPolZb.1992-10-21.s047-04.sp-313.24",DruzPolZb.1992-10-21.s047-04.toc-item3,"","","debate","Ne."
"parl.DruzPolZb","seja",47,"1992-10-21","11:05:00","13:35:00","ToplakLudvik1942",1,"DruzPolZb.1992-10-21.s047-04.sp-313","DruzPolZb.1992-10-21.s047-04.sp-313.25",DruzPolZb.1992-10-21.s047-04.toc-item3,"taxonomy.3.2.2.2.47","topic.184","utterance","Želijo besedo poročevalci delovnih teles?"
"parl.DruzPolZb","seja",47,"1992-10-21","11:05:00","13:35:00","",0,"DruzPolZb.1992-10-21.s047-04.sp-313","DruzPolZb.1992-10-21.s047-04.sp-313.26",DruzPolZb.1992-10-21.s047-04.toc-item3,"","","debate","Ne."
"parl.DruzPolZb","seja",47,"1992-10-21","11:05:00","13:35:00","ToplakLudvik1942",1,"DruzPolZb.1992-10-21.s047-04.sp-313","DruzPolZb.1992-10-21.s047-04.sp-313.27",DruzPolZb.1992-10-21.s047-04.toc-item3,"taxonomy.3.2.2.2.47","topic.184","utterance","Odpiram razpravo."
"parl.DruzPolZb","seja",47,"1992-10-21","11:05:00","13:35:00","",0,"DruzPolZb.1992-10-21.s047-04.sp-313","DruzPolZb.1992-10-21.s047-04.sp-313.28",DruzPolZb.1992-10-21.s047-04.toc-item3,"","","comment","Ni razprave."
"parl.DruzPolZb","seja",47,"1992-10-21","11:05:00","13:35:00","ToplakLudvik1942",1,"DruzPolZb.1992-10-21.s047-04.sp-313","DruzPolZb.1992-10-21.s047-04.sp-313.29",DruzPolZb.1992-10-21.s047-04.toc-item3,"taxonomy.3.2.2.2.47","topic.184","utterance","Hvala."
"parl.DruzPolZb","seja",47,"1992-10-21","11:05:00","13:35:00","ToplakLudvik1942",1,"DruzPolZb.1992-10-21.s047-04.sp-313","DruzPolZb.1992-10-21.s047-04.sp-313.30",DruzPolZb.1992-10-21.s047-04.toc-item3,"taxonomy.3.2.2.2.47","topic.184","utterance","Če ni razprave, dajem na glasovanje predlog zakona o ratifikaciji sporazuma med Vlado Republike Slovenije in Vlado Republike Madžarske o ukinitvi vizumov."
"parl.DruzPolZb","seja",47,"1992-10-21","11:05:00","13:35:00","ToplakLudvik1942",1,"DruzPolZb.1992-10-21.s047-04.sp-313","DruzPolZb.1992-10-21.s047-04.sp-313.31",DruzPolZb.1992-10-21.s047-04.toc-item3,"taxonomy.3.2.2.2.47","topic.184","utterance","Ugotovimo navzočnost."
"parl.DruzPolZb","seja",47,"1992-10-21","11:05:00","13:35:00","",0,"DruzPolZb.1992-10-21.s047-04.sp-313","DruzPolZb.1992-10-21.s047-04.sp-313.32",DruzPolZb.1992-10-21.s047-04.toc-item3,"","","quorum","40."
"parl.DruzPolZb","seja",47,"1992-10-21","11:05:00","13:35:00","ToplakLudvik1942",1,"DruzPolZb.1992-10-21.s047-04.sp-313","DruzPolZb.1992-10-21.s047-04.sp-313.33",DruzPolZb.1992-10-21.s047-04.toc-item3,"taxonomy.3.2.2.2.47","topic.184","utterance","Napaka. Prosim, ponovno navzočnost."
"parl.DruzPolZb","seja",47,"1992-10-21","11:05:00","13:35:00","",0,"DruzPolZb.1992-10-21.s047-04.sp-313","DruzPolZb.1992-10-21.s047-04.sp-313.34",DruzPolZb.1992-10-21.s047-04.toc-item3,"","","quorum","39."
"parl.DruzPolZb","seja",47,"1992-10-21","11:05:00","13:35:00","ToplakLudvik1942",1,"DruzPolZb.1992-10-21.s047-04.sp-313","DruzPolZb.1992-10-21.s047-04.sp-313.35",DruzPolZb.1992-10-21.s047-04.toc-item3,"taxonomy.3.2.2.2.47","topic.184","utterance","Ni res, eden je prišel. Prosim ponovno ugotavljamo navzočnost. V dvorani je 41 poslancev, če ne 42. Ugotavljamo navzočnost. - Jaz vidim poslanca, ki zdaj ni pritisnil na gumb. -"
"parl.DruzPolZb","seja",47,"1992-10-21","11:05:00","13:35:00","",0,"DruzPolZb.1992-10-21.s047-04.sp-313","DruzPolZb.1992-10-21.s047-04.sp-313.36",DruzPolZb.1992-10-21.s047-04.toc-item3,"","","quorum","43 navzočih."
"parl.DruzPolZb","seja",47,"1992-10-21","11:05:00","13:35:00","ToplakLudvik1942",1,"DruzPolZb.1992-10-21.s047-04.sp-313","DruzPolZb.1992-10-21.s047-04.sp-313.37",DruzPolZb.1992-10-21.s047-04.toc-item3,"taxonomy.3.2.2.2.47","topic.184","utterance","Kdo je za zakon?"
"parl.DruzPolZb","seja",47,"1992-10-21","11:05:00","13:35:00","ToplakLudvik1942",1,"DruzPolZb.1992-10-21.s047-04.sp-313","DruzPolZb.1992-10-21.s047-04.sp-313.38",DruzPolZb.1992-10-21.s047-04.toc-item3,"taxonomy.3.2.2.2.47","topic.184","utterance","Kdor je za, naj prosim glasuje."
"parl.DruzPolZb","seja",47,"1992-10-21","11:05:00","13:35:00","",0,"DruzPolZb.1992-10-21.s047-04.sp-313","DruzPolZb.1992-10-21.s047-04.sp-313.39",DruzPolZb.1992-10-21.s047-04.toc-item3,"","","vote","41 poslancev."
"parl.DruzPolZb","seja",47,"1992-10-21","11:05:00","13:35:00","ToplakLudvik1942",1,"DruzPolZb.1992-10-21.s047-04.sp-313","DruzPolZb.1992-10-21.s047-04.sp-313.40",DruzPolZb.1992-10-21.s047-04.toc-item3,"taxonomy.3.2.2.2.47","topic.184","utterance","Je kdo proti?"
"parl.DruzPolZb","seja",47,"1992-10-21","11:05:00","13:35:00","",0,"DruzPolZb.1992-10-21.s047-04.sp-313","DruzPolZb.1992-10-21.s047-04.sp-313.41",DruzPolZb.1992-10-21.s047-04.toc-item3,"","","vote","1 poslanec."
"parl.DruzPolZb","seja",47,"1992-10-21","11:05:00","13:35:00","ToplakLudvik1942",1,"DruzPolZb.1992-10-21.s047-04.sp-313","DruzPolZb.1992-10-21.s047-04.sp-313.42",DruzPolZb.1992-10-21.s047-04.toc-item3,"taxonomy.3.2.2.2.47","topic.184","utterance","Se je kdo vzdržal?"
"parl.DruzPolZb","seja",47,"1992-10-21","11:05:00","13:35:00","",0,"DruzPolZb.1992-10-21.s047-04.sp-313","DruzPolZb.1992-10-21.s047-04.sp-313.43",DruzPolZb.1992-10-21.s047-04.toc-item3,"","","vote","1 poslanec."
"parl.DruzPolZb","seja",47,"1992-10-21","11:05:00","13:35:00","ToplakLudvik1942",1,"DruzPolZb.1992-10-21.s047-04.sp-313","DruzPolZb.1992-10-21.s047-04.sp-313.44",DruzPolZb.1992-10-21.s047-04.toc-item3,"taxonomy.3.2.2.2.47","topic.184","utterance","Ugotavljam, da je z 41 za, 1 proti in 1 vzdržanim zakon izglasovan."
"parl.DruzPolZb","seja",47,"1992-10-21","11:05:00","13:35:00","ToplakLudvik1942",1,"DruzPolZb.1992-10-21.s047-04.sp-313","DruzPolZb.1992-10-21.s047-04.sp-313.45",DruzPolZb.1992-10-21.s047-04.toc-item3,"taxonomy.3.2.2.2.47","topic.184","utterance","Zaključujemo 6. točko."
"parl.DruzPolZb","seja",47,"1992-10-21","11:05:00","13:35:00","ToplakLudvik1942",1,"DruzPolZb.1992-10-21.s047-04.sp-313","DruzPolZb.1992-10-21.s047-04.sp-313.46",DruzPolZb.1992-10-21.s047-04.toc-item4,"taxonomy.3.6.6.2.3","topic.255","utterance","Prehajamo na 7. TOČKO DNEVNEGA REDA: PREDLOG ZAKONA O OBRESTNI MERI."
"parl.DruzPolZb","seja",47,"1992-10-21","11:05:00","13:35:00","ToplakLudvik1942",1,"DruzPolZb.1992-10-21.s047-04.sp-313","DruzPolZb.1992-10-21.s047-04.sp-313.47",DruzPolZb.1992-10-21.s047-04.toc-item4,"taxonomy.3.6.6.2.3","topic.255","utterance","Predlog zakona v Družbenopolitičnem zboru je predložil v obravnavo poslanec Ludvik Toplak, v Zboru občin Franci Feltrin in v Zboru združenega dela Franc Anton Horvat. Obravnavala sta ga Odbor za kreditno monetarni sistem in politiko kot matično delovno telo (ki je obravnavo navedenega zakona odložil s sklepom in naložil predlagateljem zakona, da z Vlado Republike Slovenije v roku 14 dni skupaj pripravijo predlog zakona. Odbor za kreditno monetarni sistem je predlog zakona ponovno obravnaval na seji 14.10.1992 in predlagal, da ga zbori obravnavajo.) in Zakonodajno-pravna komisija. Vlada Republike Slovenije še ni poslala mnenja. Predlagatelj Ludvik Toplak je vložil amandma k 1., 2., 3., 4., 5., 6. in 8. členu predloga zakona. Gre za redakcijske amandmaje in besedo ima predlagatelj."
"parl.DruzPolZb","seja",47,"1992-10-21","11:05:00","13:35:00","",0,"DruzPolZb.1992-10-21.s047-04.sp-314","DruzPolZb.1992-10-21.s047-04.sp-314.1",DruzPolZb.1992-10-21.s047-04.toc-item4,"","","speaker","DR. LUDVIK TOPLAK:"
"parl.DruzPolZb","seja",47,"1992-10-21","11:05:00","13:35:00","ToplakLudvik1942",1,"DruzPolZb.1992-10-21.s047-04.sp-314","DruzPolZb.1992-10-21.s047-04.sp-314.2",DruzPolZb.1992-10-21.s047-04.toc-item4,"taxonomy.3.6.6.2.3","topic.255","utterance","Spoštovane poslanke in poslanci!"
"parl.DruzPolZb","seja",47,"1992-10-21","11:05:00","13:35:00","ToplakLudvik1942",1,"DruzPolZb.1992-10-21.s047-04.sp-314","DruzPolZb.1992-10-21.s047-04.sp-314.3",DruzPolZb.1992-10-21.s047-04.toc-item4,"taxonomy.3.6.6.2.3","topic.255","utterance","V mesecu decembru leta 1991 smo obravnavali obresti in sicer zakon o zamudnih obrestih. Takrat je zbor sprejel dodatni sklep, kjer je zavezal vlado, da bi v roku 30 dni predložila predlog sistemske rešitve obrestne mere. Ker kljub urgenci tega ni bilo, so predlagatelji v mesecu aprilu vložili predlog za izdajo z osnutkom. Zbori skupščine so sprejeli predlog za izdajo z osnutkom s tem, da so naročili predlagateljem, da ob sodelovanju z vlado pripravijo predlog zakona. Predlagatelji so široko zasnovali razpravo, tako ob sodelovanju z vlado, kakor tudi s strokovnimi inštitucijami ter organizirali več širše zasnovanih razprav, kamor so bili povabljeni tudi predstavniki vlade. Tako je s klubom finančnikov v Ljubljani v mesecu juliju bila obširna razprava. Klub finančnikov in ekonomistov, v glavnem finančnih direktorjev slovenskih podjetij, je s pomislekom enega udeleženca odločno podprl predlagani tekst. Ponovno je bilo organizirano širše strokovno posvetovanje na Ekonomski fakulteti, kjer so zlasti ekonomisti (več sto udeležencev) praktično enoglasno podprli predlog zakona, kakor je bil predložen, s široko, širše zasnovano razpravo. Ugotovljeno je bilo zlasti, da takoimenovana neproduktivna distribucijska koalicija, ki ustvarja visoke in povzroča in v glavnem diktira visoko obrestno mero, vodi v ekonomsko pogubo ustvarjalno ekonomijo, pri čemer se je zreducirala razprava med strokovnjaki ekonomisti različnih usmeritev, da gre za vprašanje ali gre za gospodarski genocid ali suicid."
"parl.DruzPolZb","seja",47,"1992-10-21","11:05:00","13:35:00","ToplakLudvik1942",1,"DruzPolZb.1992-10-21.s047-04.sp-314","DruzPolZb.1992-10-21.s047-04.sp-314.4",DruzPolZb.1992-10-21.s047-04.toc-item4,"taxonomy.3.6.6.2.3","topic.255","utterance","Inštitut za gospodarsko pravo je sklical strokovni posvet, kjer so povabili zlasti praktične pravnike iz gospodarstva ter gospodarske sodnike. Predlog zakona je bil smiselno soglasno potrjen s pripombami, redakcijskimi, ki so jih predlagatelji predložili cenjenemu zboru kot redakcijske amandmaje na zakon in predlagatelji predlagajo zboru, da jih sprejme."
"parl.DruzPolZb","seja",47,"1992-10-21","11:05:00","13:35:00","ToplakLudvik1942",1,"DruzPolZb.1992-10-21.s047-04.sp-314","DruzPolZb.1992-10-21.s047-04.sp-314.5",DruzPolZb.1992-10-21.s047-04.toc-item4,"taxonomy.3.6.6.2.3","topic.255","utterance","Ponovno se je v širši sestavi, tudi v navzočnosti ministrov, vodila razprava na pravniškem srečanju, kjer je preko 400 pravnikov različnih specialnosti in strok praktično enoglasno zakon z amandmaji potrdilo, zlasti z vidika lastninjenja. Poudarjeno je bilo predvsem, da visoke obresti, ki imajo vse elemente oderuštva, nažirajo substanco, kapital delajo zaradi neprofitnosti, zaradi izgub ga razvrednotijo na trgu, tržno ceno znižujejo, kar povzroča ne samo številne stečaje in s tem povezane socialne in gospodarske probleme v deželi ter dodatno obremenjuje proračun z negospodarskimi bremeni, ampak so poudarili predvsem, da gre na škodo lastninjenja predvsem delavcev, ki so ta kapital soustvarjali po predloženem zakonu o lastninjenju podjetij, ki je na dnevnem redu zborov Skupščine za naslednjo sejo. Zato so tudi menili, da bi bilo potrebno ta zakon sprejeti še pred zakonom o lastninjenju."
"parl.DruzPolZb","seja",47,"1992-10-21","11:05:00","13:35:00","ToplakLudvik1942",1,"DruzPolZb.1992-10-21.s047-04.sp-314","DruzPolZb.1992-10-21.s047-04.sp-314.6",DruzPolZb.1992-10-21.s047-04.toc-item4,"taxonomy.3.6.6.2.3","topic.255","utterance","Predlagatelji so se sestali tudi posebej na dveh nadaljevanjih s predstavniki vlade in ugotovljeno je bilo, da so predlagatelji in vlada v principu na tem sestanku ostali vsak na svojem."
"parl.DruzPolZb","seja",47,"1992-10-21","11:05:00","13:35:00","ToplakLudvik1942",1,"DruzPolZb.1992-10-21.s047-04.sp-314","DruzPolZb.1992-10-21.s047-04.sp-314.7",DruzPolZb.1992-10-21.s047-04.toc-item4,"taxonomy.3.6.6.2.3","topic.255","utterance","Široka razprava o tem zakonu je bila predvsem v Zboru združenega dela, kjer pa moram poudariti, da ves material poslancem ni bil razdeljen. Ker je na poročilu, delovnem poročilu o sestankih predlagateljev z vlado pisalo ""Zapis z delovnih sestankov"" in so ocenili v Zboru združenega dela, da to ni uradni dokument, ker piše ""zapis"" in ne piše ""poročilo"". Tudi naknadno dostavljeno ""poročilo"" s teh sestankov ni bilo poslancem razdeljeno in Zbor združenega dela zakonskega predloga ni sprejel. Zbor občin, kjer je bila široko predstavljena celovita in koncepcija in razprava in stališča, je zakonski predlog izglasoval."
"parl.DruzPolZb","seja",47,"1992-10-21","11:05:00","13:35:00","ToplakLudvik1942",1,"DruzPolZb.1992-10-21.s047-04.sp-314","DruzPolZb.1992-10-21.s047-04.sp-314.8",DruzPolZb.1992-10-21.s047-04.toc-item4,"taxonomy.3.6.6.2.3","topic.255","utterance","Spoštovane poslanke in poslanci, kot predlagatelj osebno ocenjujem, da gre za gospodarsko zelo pomemben zakonski tekst; tako s pravnega, ekonomskega, kakor tudi socialno političnega vidika. Z ekonomskega vidika je vsestransko utemeljen, ker bi vrnil ustvarjalni ekonomiji vzpodbudo in jo naredil, da tako rečemo, tudi primerljivo, konkurenčno z drugimi ekonomijami v Evropi. S pravnega je nesporno ugotovljeno, da, poudarjam, vsi pravni sistemi to tematiko pravno regulirajo. Pravna regulativa je različna. V mnogih deželah je ta stvar urejena v takoimenovanih civilnih kodeksih, kot je na primer nekoč ODZ. V nekaterih deželah je ta stvar regulirana s posebnimi zakoni, reče se zakoni proti oderuštvu, kot je na primer imela Avstrija po 1868 letu. V nekaterih deželah je ta stvar določena z monetarnimi predpisi tako, da določa eskontno stopnjo plus na primer 4, 5, 6 %. V nekaterih deželah to stvar ureja sodna praksa, tako na primer zadnja desetletja zlasti v gospodarsko stabilnih deželah tržne ekonomije, kot je na primer Avstrija, Italija, Nemčija. Sodna praksa namreč določa, kje so limiti oderuštva in praviloma na primer v Avstriji je limit oderuštva 16 do 18 % obrestna mera na leto, odšteta inflacija 4 %, kar pomeni vse kar je nad 12 % ali v določenih primerih 14, se šteje kot oderuštvo. V Italiji je ta razlika nekoliko drugačna glede na drugačno inflacijsko stopnjo."
"parl.DruzPolZb","seja",47,"1992-10-21","11:05:00","13:35:00","ToplakLudvik1942",1,"DruzPolZb.1992-10-21.s047-04.sp-314","DruzPolZb.1992-10-21.s047-04.sp-314.9",DruzPolZb.1992-10-21.s047-04.toc-item4,"taxonomy.3.6.6.2.3","topic.255","utterance","Pomisleki vlade, da gre za administrativno regulativo, moram reči, da ne držijo, ker gre za klasičen civilni zakon; kakor vsi drugi civilni zakoniki to stvar tudi urejajo s civilnimi predpisi. Gre za podporo naravnemu ekonomskemu zakonu, ki ga civilni zakoniki samo povzemajo. Gre za naravno ekonomsko pravilo v tržnih ekonomijah vseh časov, da obrestna mera ne sme biti višja za nedelo od profitne stopnje realno ustvarjalne ekonomije, kjer se profit ustvarja."
"parl.DruzPolZb","seja",47,"1992-10-21","11:05:00","13:35:00","ToplakLudvik1942",1,"DruzPolZb.1992-10-21.s047-04.sp-314","DruzPolZb.1992-10-21.s047-04.sp-314.10",DruzPolZb.1992-10-21.s047-04.toc-item4,"taxonomy.3.6.6.2.3","topic.255","utterance","Z moralnega vidika je zakon šteti kot v skladu z moralno vrednostnimi predstavami zlasti evropske pravne kulture in prave civilizacije."
"parl.DruzPolZb","seja",47,"1992-10-21","11:05:00","13:35:00","ToplakLudvik1942",1,"DruzPolZb.1992-10-21.s047-04.sp-314","DruzPolZb.1992-10-21.s047-04.sp-314.11",DruzPolZb.1992-10-21.s047-04.toc-item4,"taxonomy.3.6.6.2.3","topic.255","utterance","Predlagam cenjenemu zboru, da zakon s predloženimi amandmaji redakcijskega značaja izglasuje. Hvala lepa."
"parl.DruzPolZb","seja",47,"1992-10-21","11:05:00","13:35:00","",0,"DruzPolZb.1992-10-21.s047-04.sp-315","DruzPolZb.1992-10-21.s047-04.sp-315.1",DruzPolZb.1992-10-21.s047-04.toc-item4,"","","speaker","PODPREDSEDNIK ANTON PERŠAK:"
"parl.DruzPolZb","seja",47,"1992-10-21","11:05:00","13:35:00","PersakAnton1947",1,"DruzPolZb.1992-10-21.s047-04.sp-315","DruzPolZb.1992-10-21.s047-04.sp-315.2",DruzPolZb.1992-10-21.s047-04.toc-item4,"taxonomy.3.6.6.2.3","topic.255","utterance","Hvala. Besedo imajo poročevalci delovnih teles in vlade; najprej najbrž vlade."
"parl.DruzPolZb","seja",47,"1992-10-21","11:05:00","13:35:00","",0,"DruzPolZb.1992-10-21.s047-04.sp-316","DruzPolZb.1992-10-21.s047-04.sp-316.1",DruzPolZb.1992-10-21.s047-04.toc-item4,"","","speaker","PREDSEDNIK DR. LUDVIK TOPLAK:"
"parl.DruzPolZb","seja",47,"1992-10-21","11:05:00","13:35:00","ToplakLudvik1942",1,"DruzPolZb.1992-10-21.s047-04.sp-316","DruzPolZb.1992-10-21.s047-04.sp-316.2",DruzPolZb.1992-10-21.s047-04.toc-item4,"taxonomy.3.6.6.2.3","topic.255","utterance","Gospod Stanko Debeljak, namestnik ministra za finance."
"parl.DruzPolZb","seja",47,"1992-10-21","11:05:00","13:35:00","",0,"DruzPolZb.1992-10-21.s047-04.sp-317","DruzPolZb.1992-10-21.s047-04.sp-317.1",DruzPolZb.1992-10-21.s047-04.toc-item4,"","","speaker","STANKO DEBELJAK:"
"parl.DruzPolZb","seja",47,"1992-10-21","11:05:00","13:35:00","DebeljakStanko",0,"DruzPolZb.1992-10-21.s047-04.sp-317","DruzPolZb.1992-10-21.s047-04.sp-317.2",DruzPolZb.1992-10-21.s047-04.toc-item4,"taxonomy.3.6.6.2.3","topic.255","utterance","Gospod predsednik, gospe in gospodje poslanci! Predlagatelj zakona je v uvodu tudi povedal, da Vlada ni pripravila mnenja k temu zakonu. To je res in to iz razloga, ker ta predlog zakona ni bil napisan v skladu s sklepi zborov, da predlog zakona pripravijo predlagatelji v sodelovanju z vlado. Ta predlog zakona, ki je zdaj predmet obravnave - jaz sem že pri točki dnevnega reda nasprotoval, da se to vključi na dnevni red - pa je predlog, ki so ga sestavili predlagatelji brez sodelovanja predstavnikov vlade. Mi smo sicer imeli tri razgovore s predlagatelji in ste tudi dobili zapis in moram povedati, da po razgovorih, ki smo jih imeli smo seveda ostali vsak na svojem stališču, vendar smo predlagali, da predlagatelji zakona v sodelovanju z vlado in s predstavniki monetarne oblasti pripravijo usklajen predlog zakona. Žal, predlagatelji vztrajajo pri tem predlogu, ki so ga že napisali in ta je tudi danes predmet obravnave."
"parl.DruzPolZb","seja",47,"1992-10-21","11:05:00","13:35:00","DebeljakStanko",0,"DruzPolZb.1992-10-21.s047-04.sp-317","DruzPolZb.1992-10-21.s047-04.sp-317.3",DruzPolZb.1992-10-21.s047-04.toc-item4,"taxonomy.3.6.6.2.3","topic.255","utterance","Tako kot je vlada že pri obravnavi predloga za izdajo zakona z osnutkom nasprotovala temu zakonu, ima iz istih razlogov tudi pomisleke in nasprotuje temu predlogu zakona, ker meni, da se s tem zakonom stvari administrativno rešujejo na netržen način, da se s tem zakonom odpravlja posledice, ne pa vzrok za visoke obresti in da zato ni pričakovati, da bi bili doseženi zaželeni rezultati s tem zakonom. Zato je vlada v skladu z ekonomsko politiko sprejela ukrepe iz lastne pristojnosti za znižanje obrestnih mer (in se je tudi na medbančnem trgu obrestna mera že znižala od preko 30 na 17, 18 %, tudi splošni nivo obrestnih mer v bankah pada), prav tako pa je vlada pripravila dva osnutka, dva predloga zakona in sicer zakon o razreševanju neizplačanih deviznih hranilnih vlog in zakon o garanciji za obveznice, ki jih izdaja Agencija za sanacijo bank in s tem vsebinsko načenja problem previsokih obrestnih mer. To pomeni, da vlada z vsebinskimi ukrepi želi znižati res previsoke obrestne mere in je prepričana, da s takim zakonom kot je danes, ne bomo uspeli znižati obrestnih mer."
"parl.DruzPolZb","seja",47,"1992-10-21","11:05:00","13:35:00","DebeljakStanko",0,"DruzPolZb.1992-10-21.s047-04.sp-317","DruzPolZb.1992-10-21.s047-04.sp-317.4",DruzPolZb.1992-10-21.s047-04.toc-item4,"taxonomy.3.6.6.2.3","topic.255","utterance","Ne glede na to, pa moram povedati, da smo pri razgovorih s predlagatelji bili mnenja, da bi vsebino 1. člena bilo potrebno oblikovati kot dopolnitev sedanjega zakona o obligacijskih razmerjih, kjer bi se določila višina obrestne mere za nepogodbene obrestne mere in kjer bi se določili tudi kriteriji za oderuške obrestne mere. To je vsebina in to imajo predlagatelji prav, da je ta materija v svetu urejena, vendar to se nanaša na te obresti, ne pa na pogodbene obresti. In po ugotovitvah ne drži, da imajo vse države obrestne mere z zakoni določene. Jaz sem pogledal civilni zakonik za Italijo in ugotovil, da ima v členu 1284, predpisano do nedavnega 5 % obrestno mero, dve, tri leta od tega pa so to obrestno mero dvignili na 10 % za primere, ko niso pogodbeno dogovorjene obrestne mere, ne pa da je to limit za obrestno mero, ki velja na italijanskem trgu. Glede oderuških obresti pa italijanski civilni zakonik nima nobenih posebnih določil. Podobno velja tudi v drugih državah. Kot vam je znano, v zadnjem tem zlomu denarnega sistema je Švedska povišala obrestno mero celo na 500, 700 in se potem vrnila, to pomeni, da tudi če imajo v nekem zakonu limitirano obrestno mero, v praksi tega ne izvajajo in se v praksi obrestna mera prilagaja ponudbi in povpraševanju, se pravi gibanju na denarnih trgih."
"parl.DruzPolZb","seja",47,"1992-10-21","11:05:00","13:35:00","DebeljakStanko",0,"DruzPolZb.1992-10-21.s047-04.sp-317","DruzPolZb.1992-10-21.s047-04.sp-317.5",DruzPolZb.1992-10-21.s047-04.toc-item4,"taxonomy.3.6.6.2.3","topic.255","utterance","Podobno mnenje, kot ga ima vlada v zvezi z tem zakonom ima tudi Banka Slovenije in je na sestanku, to ste iz zapisa videli, tudi zavrnila tak zakon in ga ne podpira. Na tem sestanku so sodelovali tudi predstavniki Zavoda za makroekonomske analize in razvoj, to je strokovna institucija, ki se ukvarja s temi makroekonomskimi analizami (res je, da je ta institucija institucija vlade), vendar strokovnjaki v tej instituciji tega zakona tudi ne podpirajo. Zato lahko rečem, da so mnenja o načinu razreševanja med teorijo in prakso, v teoriji in praksi zelo različna in da tu ni enotnih rešitev, tako kot predlagatelj ugotavlja, da je to bilo na teh strokovnih posvetih."
"parl.DruzPolZb","seja",47,"1992-10-21","11:05:00","13:35:00","DebeljakStanko",0,"DruzPolZb.1992-10-21.s047-04.sp-317","DruzPolZb.1992-10-21.s047-04.sp-317.6",DruzPolZb.1992-10-21.s047-04.toc-item4,"taxonomy.3.6.6.2.3","topic.255","utterance","Drugo. Vlada meni, da je potrebno obrestne mere znižati, ker so za normalno delovanje trga previsoke, vendar predlaga, da se obravnava zakonov o deviznih hranilnih vlogah in o garanciji za obveznice, ki jih je izdala Agencija za sanacijo bank v zborih pospeši in da se na ta način razreši problem slabe aktive bank in s tem zniža obrestno mero na trgu denarja. To pomeni, je za odpravljanje vzrokov visokih obrestnih mer, ne pa posledic."
"parl.DruzPolZb","seja",47,"1992-10-21","11:05:00","13:35:00","DebeljakStanko",0,"DruzPolZb.1992-10-21.s047-04.sp-317","DruzPolZb.1992-10-21.s047-04.sp-317.7",DruzPolZb.1992-10-21.s047-04.toc-item4,"taxonomy.3.6.6.2.3","topic.255","utterance","In zadnje. Ko smo imeli pred dvemi, tremi tedni v Skupščini strokovnjaka za sanacijo bank, je na skupni seji Odbora za kreditno-monetarni sistem in Odbora za proračun in javne finance gospod Dehuan na zelo direktno vprašanje, kaj misli o tem zakonu, odgovoril, da se s tem zakonom odpravljajo posledice, ne pa vzroki in da bi sprejem tega zakona povzročil na denarnem trgu zmedo, zmešnjavo in da s tem ne bomo razrešili problema previsokih obrestnih mer. Tudi vlada meni, da se s tem zakonom obresti ne bodo znižale, imeli bomo lahko v pogodbah nižje obresti, ampak tako kot pri vseh dosedanjih zamrznitvah, se bo na trgu oblikovalo še in še načinov, kako bi se s strani zakona limitirana obrestna mera znižala, da bi se ta obrestna mera obšla in na ta način tudi realizirala na trgu tržna obrestna mera."
"parl.DruzPolZb","seja",47,"1992-10-21","11:05:00","13:35:00","DebeljakStanko",0,"DruzPolZb.1992-10-21.s047-04.sp-317","DruzPolZb.1992-10-21.s047-04.sp-317.8",DruzPolZb.1992-10-21.s047-04.toc-item4,"taxonomy.3.6.6.2.3","topic.255","utterance","Skratka, vlada predlaga, da tega zakona ne podprete. Hvala."
"parl.DruzPolZb","seja",47,"1992-10-21","11:05:00","13:35:00","",0,"DruzPolZb.1992-10-21.s047-04.sp-318","DruzPolZb.1992-10-21.s047-04.sp-318.1",DruzPolZb.1992-10-21.s047-04.toc-item4,"","","speaker","PREDSEDNIK DR. LUDVIK TOPLAK:"
"parl.DruzPolZb","seja",47,"1992-10-21","11:05:00","13:35:00","ToplakLudvik1942",1,"DruzPolZb.1992-10-21.s047-04.sp-318","DruzPolZb.1992-10-21.s047-04.sp-318.2",DruzPolZb.1992-10-21.s047-04.toc-item4,"taxonomy.3.6.6.2.3","topic.255","utterance","Hvala lepa gospodu Debeljaku. Želijo besedo poročevalci delovnih teles? Če ne, odpiram razpravo."
"parl.DruzPolZb","seja",47,"1992-10-21","11:05:00","13:35:00","ToplakLudvik1942",1,"DruzPolZb.1992-10-21.s047-04.sp-318","DruzPolZb.1992-10-21.s047-04.sp-318.3",DruzPolZb.1992-10-21.s047-04.toc-item4,"taxonomy.3.6.6.2.3","topic.255","utterance","Moram ugotoviti, žal, da nas je malo. Prosim, da ugotovimo navzočnost. (34, 38 prisotnih.) Prosim, ponovno ugotovimo navzočnost. Hvala."
"parl.DruzPolZb","seja",47,"1992-10-21","11:05:00","13:35:00","",0,"DruzPolZb.1992-10-21.s047-04.sp-318","DruzPolZb.1992-10-21.s047-04.sp-318.4",DruzPolZb.1992-10-21.s047-04.toc-item4,"","","quorum","39 prisotnih. 41 prisotnih."
"parl.DruzPolZb","seja",47,"1992-10-21","11:05:00","13:35:00","ToplakLudvik1942",1,"DruzPolZb.1992-10-21.s047-04.sp-318","DruzPolZb.1992-10-21.s047-04.sp-318.5",DruzPolZb.1992-10-21.s047-04.toc-item4,"taxonomy.3.6.6.2.3","topic.255","utterance","Hvala lepa. Lahko preverimo v izogib nesporazumov. (Gospod Tomšič, velja isto kot prej.) Hvala. Ugotavljamo navzočnost. Zdaj nas je 42 v dvorani, da povem. Hvala."
"parl.DruzPolZb","seja",47,"1992-10-21","11:05:00","13:35:00","ToplakLudvik1942",1,"DruzPolZb.1992-10-21.s047-04.sp-318","DruzPolZb.1992-10-21.s047-04.sp-318.6",DruzPolZb.1992-10-21.s047-04.toc-item4,"taxonomy.3.6.6.2.3","topic.255","utterance","Prosim, gospod Janez Kopač."
"parl.DruzPolZb","seja",47,"1992-10-21","11:05:00","13:35:00","",0,"DruzPolZb.1992-10-21.s047-04.sp-319","DruzPolZb.1992-10-21.s047-04.sp-319.1",DruzPolZb.1992-10-21.s047-04.toc-item4,"","","speaker","JANEZ KOPAČ:"
"parl.DruzPolZb","seja",47,"1992-10-21","11:05:00","13:35:00","KopacJanez1961",0,"DruzPolZb.1992-10-21.s047-04.sp-319","DruzPolZb.1992-10-21.s047-04.sp-319.2",DruzPolZb.1992-10-21.s047-04.toc-item4,"taxonomy.3.6.6.2.3","topic.255","utterance","Spoštovani! Že pri razpravi o uvrstitvi predloga tega zakona na dnevni red sem povedal tudi nekaj vsebinskih argumentov proti njemu in danes bi jih rad ponovil, pa tudi razširil, ker gospoda Toplaka nobena strokovna razprava ne more prepričati in jo bo pač treba ponoviti tudi na tem zboru; ponoviti zato, ker so vse strokovne institucije, ki so obravnavale ta zakon, torej Odbor za kreditno monetarni sistem in politiko, Banka Slovenije, Vlada, Zavod za makroekonomske analize in razvoj, pa tudi če pogledate kakšen članek, ki je po kakšni strokovni reviji npr. po Bančnem vestniku, boste ugotovili, da so se vsi, ki imajo o tem kaj povedati, izjasnili proti temu zakonu in so ga ocenili kot zakon, ki ima sicer dober namen, vendar pa napačen instrumentarij in bo v tem smislu neučinkovit. Ampak ne samo to, lahko postane tudi škodljiv, kot je to povedal gospod Debeljak ob izjavi Arestobela de Huana, ki je nastopal v Skupščini prejšnji teden in je tudi ocenil ta zakon."
"parl.DruzPolZb","seja",47,"1992-10-21","11:05:00","13:35:00","KopacJanez1961",0,"DruzPolZb.1992-10-21.s047-04.sp-319","DruzPolZb.1992-10-21.s047-04.sp-319.3",DruzPolZb.1992-10-21.s047-04.toc-item4,"taxonomy.3.6.6.2.3","topic.255","utterance","Mislim, da ta zakon predstavlja predvsem konec monetarne suverenosti republike Slovenije in je skratka, mislim, pred njim potrebno ukiniti zakon o Banki Slovenije, kajti banke Slovenije potemtakem ne potrebujemo več; skratka, ne potrebujemo monetarne oblasti. Ne potrebujemo potem seveda niti precejšnjega dela bančnega sistema, kajti tisti del bančnega sistema, ki je potreben sanacije, bi bil zaradi takega zakona takoj obstojen na propad in je potemtakem sploh vprašanje, ali ga ima smisel na kakršenkoli način še reševati. Zakon bi povzročil izjemne motnje na denarnem trgu in zgodilo bi se naslednje - ker se usmerja na tri subjekte, bom povedal svojo oceno kaj se bo zgodilo z vsemi tremi: banke, ali vsaj tiste banke, ki bodo preživele, se bodo prilagodile temu zakonu. Poznam banko s sedežem v Ljubljani (to ni Ljubljanska), ki ima že pripravljeno strategijo za primer uveljavitve tega zakona in zgodilo se bo naslednje (glede na primer te banke govorim): obrestna mera bo sledila obrestni meri po tem zakonu, vendar bo pa vsak, ki bo hotel dobiti kredit od take banke, moral plačati še posebno tarifo, skratka neke vrste posebno takso, banka pa si bo pridržala še velik depozit in bo torej, na drug način pridobila nazaj točno to, kar danes dobi pod izrazom oz. pod instrumentom, ki se imenuje obrestna mera. Kar se tiče pocenitve kreditov se torej ne bo zgodilo nič in je ta zakon čista demagogija."
"parl.DruzPolZb","seja",47,"1992-10-21","11:05:00","13:35:00","KopacJanez1961",0,"DruzPolZb.1992-10-21.s047-04.sp-319","DruzPolZb.1992-10-21.s047-04.sp-319.4",DruzPolZb.1992-10-21.s047-04.toc-item4,"taxonomy.3.6.6.2.3","topic.255","utterance","Ni pa čista demagogija, kar se tiče drugih dveh stvari. Namreč, te obrestne mere naj bi veljale tudi za hranilne vloge. Za hranilne vloge jaz ne vidim druge možnosti, kot da se varčevalcem obrestujejo njihove hranilne vloge po neki obrestni meri, ki pa bo morala biti limitirana v skladu s tem zakonom. Morda bodo banke, ki bodo želele pridobiti neke hranilne vloge, našle še neke druge instrumente, spodbude in bodo tako nekatere varčevalce zadržale. Recimo, da tukaj ostaja še neka možnost za izigravanje tega zakona zato, da se vse skupaj v praksi ne podre."
"parl.DruzPolZb","seja",47,"1992-10-21","11:05:00","13:35:00","KopacJanez1961",0,"DruzPolZb.1992-10-21.s047-04.sp-319","DruzPolZb.1992-10-21.s047-04.sp-319.5",DruzPolZb.1992-10-21.s047-04.toc-item4,"taxonomy.3.6.6.2.3","topic.255","utterance","Ne obstaja pa, vsaj jaz ne vidim možnosti, za tretji subjekt, ki pa ravno tako zadeva ta zakon in ta subjekt je država. Ta zakon namreč izničuje tudi zakon o zamudni obrestni meri in, zamudno obrestno mero postavlja na višino 12 odstotkov na ECU, torej na evropsko valuto, kar pa bi v tem trenutku v Sloveniji pomenilo najcenejši kredit. Zato predvidevam, da večina tistih, ki danes še plačuje davke in prispevke, tega ne bo več počela, ker se jim to enostavno ne bo splačalo, ker bodo imeli zelo poceni kredit. In ker po drugi strani ves drug mehanizem za izterjavo nekih obveznosti ne funkcionira (o tem sem tudi že večkrat govoril in pisal, mislim na pravosodni sistem na primer), se bo zgodilo, to kar sem povedal. Skratka , ne bo več prilivov v proračun, ne v zdravstveni, ne v pokojninski in ne v republiški."
"parl.DruzPolZb","seja",47,"1992-10-21","11:05:00","13:35:00","KopacJanez1961",0,"DruzPolZb.1992-10-21.s047-04.sp-319","DruzPolZb.1992-10-21.s047-04.sp-319.6",DruzPolZb.1992-10-21.s047-04.toc-item4,"taxonomy.3.6.6.2.3","topic.255","utterance","Predlagatelj zakona, dr. Toplak, se je skliceval zadnjič (in mahal s tisto knjigo, ki jo ima zdaj tudi tukaj), da imajo vse države po svetu, z izjemo bivše SFRJ, zakonsko urejene obrestne mere. Prvič, je to jemal iz enega zbornika Matil teil new Directory, kar smo mu mi vsi verjeli, ker ga še nismo nikoli videli, ko ga je kazal tule z govorniškega odra. Ampak treba je povedati, da v tem zborniku, sicer res piše, da povsod po svetu obstajajo zakonsko določene obrestne mere, ki pa se uveljavljajo ne kar tako avtomatično, kot je to predvideno v tem zakonu, pač pa, če npr. v pogodbah med pogodbeniki višina obrestne mere ni natančno določena. In najvišja obrestna mera, je resnici na ljubo je to omenil ravno prej dr. Toplak, v številnih državah določena fleksibilno npr. na podlagi odvisnosti z eskontno stopnjo. In zato se višina obrestne mere med državami izjemno razlikuje. Pa naj povem še to, da je ta zbornik izšel leta 1978 in da se je v tem času zakonodaja v zvezi z obrestnimi merami marsikje po svetu že spremenila. Ravno zadnjič sva oba z gospodom Debeljakom omenila primer Švedske, kjer so pred časom zaradi zmanjšanja nihanj na denarnem trgu uvedli 500% obrestno mero v centralni banki Švedske. Skratka, nikakršnega govora o 8, 6%, pa 12% in tako naprej, kot je bilo to v tem zakonu."
"parl.DruzPolZb","seja",47,"1992-10-21","11:05:00","13:35:00","KopacJanez1961",0,"DruzPolZb.1992-10-21.s047-04.sp-319","DruzPolZb.1992-10-21.s047-04.sp-319.7",DruzPolZb.1992-10-21.s047-04.toc-item4,"taxonomy.3.6.6.2.3","topic.255","utterance","Zdaj bi vam pa rad prebral še eno teoretsko utemeljitev - kajti dr. Toplak veliko da na teoretske utemeljitve - o obrestni meri v času in prostoru od Aristotela do danes, do Toplakovega zakona."
"parl.DruzPolZb","seja",47,"1992-10-21","11:05:00","13:35:00","KopacJanez1961",0,"DruzPolZb.1992-10-21.s047-04.sp-319","DruzPolZb.1992-10-21.s047-04.sp-319.8",DruzPolZb.1992-10-21.s047-04.toc-item4,"taxonomy.3.6.6.2.3","topic.255","utterance","Odkar se človeštvo ukvarja z denarjem, se ukvarja tudi z obrestnimi merami. In treba je priznati, da je bilo v vseh časih, tako daleč nazaj in tudi danes, vprašanje obrestnih mer vedno sporno in nejasno. Menda datira najstarejše mnenje o obrestni meri v obdobje Aristotela, ki je zapisal, da je denar jalov in da je zato neupravičeno zahtevati obresti za posojila. Sholastiki iz srednjega veka, ki sem jih omenil pri obravnavi osnutka tega zakona zadnjič, so se oprijeli te misli in razglasili obresti za neopravičeno oderuštvo. To je kasneje potrdila tudi cerkev v srednjem veku, ki je obresti enostavno prepovedala. (Ta isti ukrep velja še danes v islamskih državah.) No, in za časa Karla Velikega je veljalo pravilo, da so obresti nad 100% zelenaške, torej oderuške. Leta 1344 so v Bodenskem jezeru posojevalci denarja zaračunali 216% obresti, v Zurichu so postavili zakonsko zgornjo mejo na 43%, v Italiji so od 12. do 14. stoletja poznali zakonsko mejo okoli 20%, - ampak to je vse bil čas zlatega denarja - posojali so pa tudi po stopnji 40 %. V Veroni so zgornjo mejo omejili na 12 %. Cesar Friderik II je predpisal obrestno mero 10 %, vendar samo za Žide. V Nemčiji so v 13. stoletju prakticirali le 10 % obrestno mero. Znameniti Lex Visigotorum je uzakonil zgornji limit med 12,5 in 50 %. V Angliji so v 12., 13. in 14. stoletju upoštevali 20 % obrestno mero. Frankfurtske mestne obveznice iz 14. stoletja so obljubljale 13, 18, 26 in tudi 45 % obresti. V sredini preteklega stoletja so bile obresti v višini 12 % splošno veljavne in spoštovane v deželah Severne in Južne Amerike. Henrik VIII. je uzakonil obrestno mero na 10 % in ta stopnja je do začetka 18. stoletja zdrknila na komaj 5 %. Znano je, da je bil 1757. leta celotni državni dolg Anglije konvertiran ob komaj 3 % obrestni meri. V Nemčiji je v obdobju od napoleonskih vojn obrestna mera konstantno padala in to od 8 % na 3 %, dvigovala pa se je v obdobju gospodarskega razvoja tja do 1871 in po tem letu se je spet znižala tja do 3 % na prelomu stoletja. Tudi v našem stoletju ni kaj prida drugače. Obrestne mere naraščajo pa spet padajo, se umirjajo, da bi se v naslednjem trenutku ponovno dvignile itn."
"parl.DruzPolZb","seja",47,"1992-10-21","11:05:00","13:35:00","KopacJanez1961",0,"DruzPolZb.1992-10-21.s047-04.sp-319","DruzPolZb.1992-10-21.s047-04.sp-319.9",DruzPolZb.1992-10-21.s047-04.toc-item4,"taxonomy.3.6.6.2.3","topic.255","utterance","Socialisti na začetku tega stoletja so bili najprej prepričani, da so obresti le denarni pojav izkoriščevalskega kapitalizma, zato naj bi bile odpravljene in brez posebnega hrupa enostavno zamolčane. Vendar ne za dolgo, kajti družbeni planerji za kalkulacijo produktivnih investicij so kmalu pod tem ali onim terminom obrestne mere ponovno uvedli. Rezultat tega smo videli v kopici zamršenih računskih metod, s katerim so uvajali prikriti pojem obrestne mere tudi v Sloveniji oziroma Jugoslaviji še ne tako dolgo nazaj. To je obdobje prevladujoče marksistične ideologije, ki ga je, kar se tiče teh pojavov, torej obrestne mere, razlagal tudi moj bivši profesor dr. Viljem Merhar, ki ga je zadnjič dr. Toplak navajal kot največjo strokovno referenco za njegov zakon."
"parl.DruzPolZb","seja",47,"1992-10-21","11:05:00","13:35:00","KopacJanez1961",0,"DruzPolZb.1992-10-21.s047-04.sp-319","DruzPolZb.1992-10-21.s047-04.sp-319.10",DruzPolZb.1992-10-21.s047-04.toc-item4,"taxonomy.3.6.6.2.3","topic.255","utterance","Miladin Korać je v svojem delu ""Socialisti}ki samoupravni način proizvodnje"" kategorije kot so obrestna mera, tržno oblikovanje cen končnih produktov in podobno - enostavno ukinil. Branko Horvat, naš nesojeni Nobelovec, se v svojem delu ""The Politika Economi of Socializem"" sicer ne strinja z ukinjanjem obrestne mere, pravi pa dobesedno, da naj jo predpisujejo organi za planiranje."
"parl.DruzPolZb","seja",47,"1992-10-21","11:05:00","13:35:00","KopacJanez1961",0,"DruzPolZb.1992-10-21.s047-04.sp-319","DruzPolZb.1992-10-21.s047-04.sp-319.11",DruzPolZb.1992-10-21.s047-04.toc-item4,"taxonomy.3.6.6.2.3","topic.255","utterance","Na splošno bi se dalo trditi, da so se obrestnim stopnjam in dohodkom iz tega naslova vedno bolj ali manj upirali in nasprotovali predvsem številni socialni reformatorji. Najprej katoliška cerkev tja do renesanse, potem liberalni socialisti kot npr. Prodon, nato marksisti in v zadnjih obdobjih tudi številni ekonomisti raznih sodobnih šol; nekaj od teh jih bom omenil kasneje."
"parl.DruzPolZb","seja",47,"1992-10-21","11:05:00","13:35:00","KopacJanez1961",0,"DruzPolZb.1992-10-21.s047-04.sp-319","DruzPolZb.1992-10-21.s047-04.sp-319.12",DruzPolZb.1992-10-21.s047-04.toc-item4,"taxonomy.3.6.6.2.3","topic.255","utterance","No, in v zaključku tega poglavja bi lahko sklenili, prvič, da je vrsta razumnikov in tudi praktikov bolj ali manj odločno zavračala kategorijo obrestne mere. Drugič, da so stopnje obrestnih mer v času in prostoru občutno nihale. In tretjič, da so se mnogi prizadevali in so tudi uspeli v limitiranju zgornje meje obrestne mere. Od tod bi lahko sklenili, da tudi predlog dr. Toplaka sam po sebi ni neumesten. Predlaga namreč to, kar so nekateri, tudi že znani ekonomisti, že davno pred našim časom zahtevali in včasih celo dosegli."
"parl.DruzPolZb","seja",47,"1992-10-21","11:05:00","13:35:00","KopacJanez1961",0,"DruzPolZb.1992-10-21.s047-04.sp-319","DruzPolZb.1992-10-21.s047-04.sp-319.13",DruzPolZb.1992-10-21.s047-04.toc-item4,"taxonomy.3.6.6.2.3","topic.255","utterance","Zdaj vam bom pa povedal nekaj o zgornji in spodnji meji obrestne mere. V prvem pristopu k razlagi spodnje in zgornje meje obrestne mere se bom posluževal splošno znanih definicij razlage pojma obrestna mera. Po Nesi}u je obrestna stopnja odnos med obrestmi in posojenim kapitalom, torej vrednost, ki jo v danih okoliščinah pridobi lastnik posojenega kapitala. Ta stopnja namreč se določa po zakonitostih igre ponudbe in povpraševanja med lastnikom in najemnikom, torej posojilojemalcem, na prostem trgu. Večja ponudba posojilnega kapitala vedno vpliva na nižanje, manjša na dvigovanje obrestne mere. Mnogo bolj decidirana je definicija Samuelsona, ki pravi: ""Tržna obrestna mera je tisti odstotni donos na leto, ki ga prejemamo za varno posojeni denar, ki ga mora dati vsaka obveznica ali druge vrste vrednostni papir in ki ga zaslužimo od vrednosti vsakega kapitala na vsakem konkurenčnem trgu, kjer ni nobenih tveganj, ali kjer so vsi faktorji tveganj že pod posebnim nadzorstvom, ker smo pač plačali posebno premijo za zaščito pred tveganji. Oba akterja imata čisto določen namen. Posojilojemalec najema kredit zaradi želje, da bi v procesu produkcije ali pa kake druge gospodarske aktivnosti dosegel določen čisti dobiček. Posojilodajalec se odreka svojega kapitala za določen čas, vendar spet z namenom, da bi bil za to odrekanje nagrajen. Obrestna stopnja leži torej nekje med nič odstotki, ko posojanje sploh ni več interesantno in pa stopnjo dobička, ki se realizira na prostem konkurenčnem trgu. V opoziciji sta torej dve bistveno različni stopnji in to stopnja dobička ali profita, ki se realizira na konkurenčnem trgu in stopnja obrestne mere, ki se prav tako realizira na prostem trgu, vendar pa po razumljivi logiki ne more biti enaka, nikakor pa ne višja od stopnje dobička. A priori je torej vezana in odvisna od stopnje dobička. Nikakor je torej ni moč predpisovati, še manj uzakoniti, saj kot takšna je že načeloma trdno vezana na ekonomske zakonitosti povprečnega dobička."
"parl.DruzPolZb","seja",47,"1992-10-21","11:05:00","13:35:00","KopacJanez1961",0,"DruzPolZb.1992-10-21.s047-04.sp-319","DruzPolZb.1992-10-21.s047-04.sp-319.14",DruzPolZb.1992-10-21.s047-04.toc-item4,"taxonomy.3.6.6.2.3","topic.255","utterance","Obratno temu zahteva Toplakov zakon neko naravno obrestno mero, ki je višja od profitne stopnje. To seveda pomeni, da si celotno presežno vrednost, pridobljeno v procesu proizvodnje s sposojenim kapitalom, prisvoji kapitalist, posojilodajalec torej, posojilojemalec pa neko vrednost, ki sploh ni bila ustvarjena. V tem je njegova prva in bistvena hiba, kajti del stopnje nad profitno stopnjo se s tem manifestira kot kreator oziroma generator novega denarja ex nihilo, torej iz ničle. Ta Toplakov del stopnje je torej generator povsem čiste inflacije, nasprotje tistemu torej, čemur se je avtor verjetno želel izogniti. V resnici se med obema akterjema lahko deli le tisto, kar je bilo dodatno ustvarjenega, torej tako imenovana presežna vrednost. In ker se profitna stopnja kreira šele na prostem trgu, torej po ekonomskih zakonitostih ponudbe in povpraševanja, se tudi obrestna mera za posojeni kapital ne more kreirati kje drugje kot prav tam, torej na prostem trgu."
"parl.DruzPolZb","seja",47,"1992-10-21","11:05:00","13:35:00","KopacJanez1961",0,"DruzPolZb.1992-10-21.s047-04.sp-319","DruzPolZb.1992-10-21.s047-04.sp-319.15",DruzPolZb.1992-10-21.s047-04.toc-item4,"taxonomy.3.6.6.2.3","topic.255","utterance","Seveda je moč obračunati neko povprečno obrestno mero, vendar je ta vedno le nek odsev različnih obrestnih stopenj v danem časovnem obdobju. Višina takšne povprečne stopnje, in te navajam v prvem delu tega zapisa, torej ni določena po nekih ekonomskih zakonitostih. Razmišljanje in pripovedovanje o neki naravni obrestni meri, kar je tudi v današnjem uvodu omenil dr. Toplak, je torej pravcata tavtologija. Od tod torej sledi: Toplakov predlog zakona je popolnoma nesmiseln in nepotreben, ker evidentno uzakonja tudi inflacijo in je a priori tudi skrajno škodljiv. Po vsebini je tipičen primer neke vrste kontradikcije a.n. adjectio."
"parl.DruzPolZb","seja",47,"1992-10-21","11:05:00","13:35:00","KopacJanez1961",0,"DruzPolZb.1992-10-21.s047-04.sp-319","DruzPolZb.1992-10-21.s047-04.sp-319.16",DruzPolZb.1992-10-21.s047-04.toc-item4,"taxonomy.3.6.6.2.3","topic.255","utterance","Seveda sem daleč od trditve, da so sedanje stopnje obrestnih mer popolnoma pravične in da večkrat tudi niso izkoriščevalske narave. Seveda so. Vendar pa razreševanje ne more biti v domeni neke državne zakonske regulative, kajti njej gre v prvi vrsti naloga ustvarjanja ugodne klime, v kateri se lahko nemoteno in uspešno odvijajo gospodarske aktivnosti. V tem smislu ocenjujem tudi oba zakona, ki jih je prej navedel gospod Debeljak in jih je predložila prvega že Peterletova vlada, drugega pa Drnovškova. Ob tem pa seveda ne vidim nobenega razloga, da bi z zakonom ne vpeljali tako imenovane meje oderuštva, ki jo poznajo npr. Francozi pod terminom ""leto de luso""."
"parl.DruzPolZb","seja",47,"1992-10-21","11:05:00","13:35:00","KopacJanez1961",0,"DruzPolZb.1992-10-21.s047-04.sp-319","DruzPolZb.1992-10-21.s047-04.sp-319.17",DruzPolZb.1992-10-21.s047-04.toc-item4,"taxonomy.3.6.6.2.3","topic.255","utterance","Teorija o obrestnih merah je dokaj kompleksne narave in to predvsem zaradi tega, ker se sam pojem obrestne mere pojavlja kar v štirih oblikah soodvisnosti. Prvič, vrednost nekega kapitala v danem trenutku lahko smatramo kot vsoto aktualiziranih vrednosti vseh bodočih uslug tega kapitala ali pa kot kapitalizirano vrednost vseh preteklih stroškov reprodukcijskega kapitala. Drugič, višina kapitala, ki ga akumulirajo potrošne celice je odvisna od višine obrestnih stopenj. Tretjič, obseg in produktivnost kapitala, ki ga uporabljajo produkcijske celice, je prav tako odvisna od višine obrestne stopnje. Četrtič, obrestna mera je vezana na uporabo vrednosti denarja. Gledano s proizvodnega aspekta je obrestna mera neke vrste cena za uporabo potrebne in redke dobrine, se pravi za uporabo in koriščenje reprodudkcijskega kapitala. Njena vloga se torej kaže v tem, da kar se da optimalno vpliva na čim boljšo uporabo te redke dobrine in to tako, da bi bila dosežena oziroma realizirana maksimalna učinkovitost. Obrestna mera pa je istočasno tudi tista ekonomska kategorija, ki zagotavlja in omogoča optimalno distribucijo redkih proizvodnih tvorcev med proizvodnimi enotami v svrho zadovoljevanja potreb. Gledano z monetarnega aspekta pa je obrestna mera vezana na uporabno vrednost denarja torej na kategorijo, ki jo označujemo kot ""la prin de likvidite""."
"parl.DruzPolZb","seja",47,"1992-10-21","11:05:00","13:35:00","KopacJanez1961",0,"DruzPolZb.1992-10-21.s047-04.sp-319","DruzPolZb.1992-10-21.s047-04.sp-319.18",DruzPolZb.1992-10-21.s047-04.toc-item4,"taxonomy.3.6.6.2.3","topic.255","utterance","Iz tega sledi, da sta teorija o obrestni meri in pa teorija o denarju medsebojno sila tesno povezani in da jo ob razlagi pojma obrestna mera ni moč ločiti, saj bi s tem zabredli v nevarnost grobega, netočnega in neobjektivnega poenostavljanja. Neke uniformne in enotne razlage pojmovanja obrestne mere sploh ni in je niti ne more biti. Do zadovoljivega razumevanja se lahko dokopljemo le s spoznavanjem, torej analizo obeh elementarnih aspektov in temu sledečo sintezo."
"parl.DruzPolZb","seja",47,"1992-10-21","11:05:00","13:35:00","KopacJanez1961",0,"DruzPolZb.1992-10-21.s047-04.sp-319","DruzPolZb.1992-10-21.s047-04.sp-319.19",DruzPolZb.1992-10-21.s047-04.toc-item4,"taxonomy.3.6.6.2.3","topic.255","utterance","Temu delu splošnega razmišljanja o obrestni meri bi rad dodal še naslednje. Vsakomur mora biti jasno, da je obstoj fenomena obresti in obrestne mere vedno in povsod nesporno dejstvo. Naj je družbena ureditev kakršnakoli že, vedno obstaja neka temeljna razlika med pojmovanjem sedaj in takoj razpoložljivo dobrino in dobrino, s katero bom lahko razpolagal šele v nekem časovnem zamiku. To je jasno in razumljivo slehernemu individumu nekako tako, kot je jasno, da je vino nekaj drugega kot olje."
"parl.DruzPolZb","seja",47,"1992-10-21","11:05:00","13:35:00","KopacJanez1961",0,"DruzPolZb.1992-10-21.s047-04.sp-319","DruzPolZb.1992-10-21.s047-04.sp-319.20",DruzPolZb.1992-10-21.s047-04.toc-item4,"taxonomy.3.6.6.2.3","topic.255","utterance","V naukih socialistov lahko zasledimo trditve, da se obresti in obrestna mera lahko pojavljajo le v pogojih privatne lastnine, torej v družbenih sistemih, ki slone na privatnem lastništvu. Temu nauku gre s tem zasluga, da sta se dolga desetletja obstoja socialističnih sistemov obe kategoriji obravnavali le kot začasni in prehodni in da sta bili zaradi tega nekje na margini ekonomske misli socialističnih ekonomistov, čeprav pa spet ne gre negirati dejstva, da sta si z razvojem nujno pridobivali svoj prostor pod soncem. Ta osnovna miselnost oziroma celo prepričanje nima nobene znanstvene podlage. Obrestna mera je kategorija, ki obstaja zaradi takoimenovane redkosti določenih dobrin. Njenega naravnega zastoja ne moremo negirati ne za stoletja in tisočletja nazaj, pa čeprav so jo marsikdaj bodisi prepovedali bodisi nasilno omejevali in spravljali na Prokrustovo posteljo. Seveda bo nekoč izginila; vendar šele takrat, in to le za tiste dobrine, ki bodo v izobilju za vse, ki torej ne bodo več redke in zato ne bodo več predmet ekonomiziranja. Nekoč so nas učili, da bo to obdobje komunizma, h kateremu naj bi bila prva stopnja potemtakem tudi danes pričujoči zakon. To je seveda pesem utopije, pesem iluzionistov in fantastov."
"parl.DruzPolZb","seja",47,"1992-10-21","11:05:00","13:35:00","KopacJanez1961",0,"DruzPolZb.1992-10-21.s047-04.sp-319","DruzPolZb.1992-10-21.s047-04.sp-319.21",DruzPolZb.1992-10-21.s047-04.toc-item4,"taxonomy.3.6.6.2.3","topic.255","utterance","V luči obeh tu prikazanih aspektov pojma obrestne mere bi Toplakov predlog zakona lahko kritiziral tudi takole. Gledano s proizvodnega aspekta polne obrestne mere je Toplakov predlog zakona kar dvakrat popolnoma nazadnjaški. Z limitiranjem zgornje meje se, hote ali nehote, prvič, postavlja nasproti eni njegovih bistvenih funkcij, torej vplivanju na doseganje optimalne stopnje proizvodnosti in učinkovitosti uporabljenega proizvodnega kapitala. Drugič, onemogoča optimalno alokacijo redke dobrine, se pravi reprodukcijskega kapitala, med proizvodne enote, ki ga iščejo. Gledano z monetarnega aspekta je Toplakov zakon prav tako nazadnjaški, saj zavira ali pa sploh onemogoča doseganje optimalnosti uporabne vrednosti denarja oziroma likvidnostne preference."
"parl.DruzPolZb","seja",47,"1992-10-21","11:05:00","13:35:00","KopacJanez1961",0,"DruzPolZb.1992-10-21.s047-04.sp-319","DruzPolZb.1992-10-21.s047-04.sp-319.22",DruzPolZb.1992-10-21.s047-04.toc-item4,"taxonomy.3.6.6.2.3","topic.255","utterance","V izogib nejasnostim je mogoče dobro ta termin pojasniti. Pod pojmom uporabna vrednost denarja razumemo vsoto amortizacije in obresti v danem trenutku. Iz tega lahko takoj sklepamo, da je amortizacija vedno enaka razliki med vrednostjo dobrine in njegovo uporabno vrednostjo ter tudi, da amortizacija ni moč smatrati kot redeterminirane."
"parl.DruzPolZb","seja",47,"1992-10-21","11:05:00","13:35:00","KopacJanez1961",0,"DruzPolZb.1992-10-21.s047-04.sp-319","DruzPolZb.1992-10-21.s047-04.sp-319.23",DruzPolZb.1992-10-21.s047-04.toc-item4,"taxonomy.3.6.6.2.3","topic.255","utterance","Nekako prvo tretjino referata sem obdelal in mislim, da sem naletel na manj zanimanja kot sem pričakoval glede na to, da je ta zbor tudi potrdil osnutek zakona o obrestni meri, zato bom zaenkrat končal, dr. Toplaku bom pa poslal ta referat in upam samo, da se niste dolgočasili ob prebiranju ali pa poslušanju raznih teorij v zvezi z obrestno mero, s čimer sem želel pojasniti samo to, da bi dr. Toplak lahko upošteval predhodno mnenje vseh inštitucij, ki imajo o tem kaj povedati in da mu ne bi bilo treba razprave o tako nesmiselnem in tako škodljivem zakonu prenašati na seje zborov. Zaenkrat hvala lepa."
"parl.DruzPolZb","seja",47,"1992-10-21","11:05:00","13:35:00","",0,"DruzPolZb.1992-10-21.s047-04.sp-320","DruzPolZb.1992-10-21.s047-04.sp-320.1",DruzPolZb.1992-10-21.s047-04.toc-item4,"","","speaker","PREDSEDNIK DR. LUDVIK TOPLAK:"
"parl.DruzPolZb","seja",47,"1992-10-21","11:05:00","13:35:00","ToplakLudvik1942",1,"DruzPolZb.1992-10-21.s047-04.sp-320","DruzPolZb.1992-10-21.s047-04.sp-320.2",DruzPolZb.1992-10-21.s047-04.toc-item4,"taxonomy.3.6.6.2.3","topic.255","utterance","Hvala lepa gospodu Kopaču. Prosim, gospod Janko Halb."
"parl.DruzPolZb","seja",47,"1992-10-21","11:05:00","13:35:00","",0,"DruzPolZb.1992-10-21.s047-04.sp-321","DruzPolZb.1992-10-21.s047-04.sp-321.1",DruzPolZb.1992-10-21.s047-04.toc-item4,"","","speaker","JANKO HALB:"
"parl.DruzPolZb","seja",47,"1992-10-21","11:05:00","13:35:00","HalbJanko1957",0,"DruzPolZb.1992-10-21.s047-04.sp-321","DruzPolZb.1992-10-21.s047-04.sp-321.2",DruzPolZb.1992-10-21.s047-04.toc-item4,"taxonomy.3.6.6.2.3","topic.255","utterance","Spoštovani zbor. Kar težko je sedaj nadaljevati, ko je gospod Kopač imel referat o referatih in sedaj bi jaz kot repliko samo vprašal, ali je ta referat bil izključno za to temo po posebnem naročilu napisan, ali je pa iz umske zakladnice gospoda Kopača bil samo pravi, že preje napisan, izbran."
"parl.DruzPolZb","seja",47,"1992-10-21","11:05:00","13:35:00","HalbJanko1957",0,"DruzPolZb.1992-10-21.s047-04.sp-321","DruzPolZb.1992-10-21.s047-04.sp-321.3",DruzPolZb.1992-10-21.s047-04.toc-item4,"taxonomy.3.6.6.2.3","topic.255","utterance","Drugo, kar moram protestirati, ali pa začudenje izraziti, recimo angažiranje TV kamer, ki ob predstavitvi predlagateljev zakona, ne vem, ali so sploh bile žive ali ne, ampak sedaj, ko je gospod Kopač repliciral oziroma oporekal temu zakonu, so se nenadoma pojavile. Dovolj o tem."
"parl.DruzPolZb","seja",47,"1992-10-21","11:05:00","13:35:00","HalbJanko1957",0,"DruzPolZb.1992-10-21.s047-04.sp-321","DruzPolZb.1992-10-21.s047-04.sp-321.4",DruzPolZb.1992-10-21.s047-04.toc-item4,"taxonomy.3.6.6.2.3","topic.255","utterance","Kaj je na dnevnem redu? To je zakon o obrestni meri. Ne bi zahajal v to, ali je ta zakon recimo pravno konsistentno napisan, ampak predvsem od tega, kakšne posledice nudi ali pa pogojujejo sedanje stanje zaradi visokih obrestnih mer in pa kako je politično nesprejemljiv za sedanjo vladno koalicijo, za vlado, za nekatere leve poslance. Ne nazadnje bom pa tudi omenil, ker sem bil prisoten, ko je gospod De Huan odgovoril na prav Kopačevo vprašanje, kako ocenjuje ta zakon. Namreč, gospodarske razmere, o katerih toliko govorimo, da so katastrofalne, da na gospodarskem področju vlada enostavno ne more nič narediti, po drugi strani pa z odklanjanjem, recimo tudi tega zakona, se po drugi strani sprašujem, ali bi bil akceptabel za oponente, če bi imel oročeno dobo trajanja, recimo šest mesecev ali eno leto že vnaprej, da bi v prehodnih ali končnih določbah bilo zapisano, ali pa da bi bil vezan na neki drug proces, ki se bo sprejel, ali bi mogoče takrat bil, ker to bi mogoče bil poizkus odprave prav sedaj v tem momentu posledic, ki jih tako visoke obrestne mere pogojujejo."
"parl.DruzPolZb","seja",47,"1992-10-21","11:05:00","13:35:00","HalbJanko1957",0,"DruzPolZb.1992-10-21.s047-04.sp-321","DruzPolZb.1992-10-21.s047-04.sp-321.5",DruzPolZb.1992-10-21.s047-04.toc-item4,"taxonomy.3.6.6.2.3","topic.255","utterance","Namreč, dosti imam osebnih izkušenj iz tega, kako gospodarstvo in recimo tudi direktorji, vodilne strukture v podjetjih reagirajo ali pa se odzivajo na tako visoke obrestne mere. Prav so prepuščeni že apatiji in več enostavno ne reagirajo na to, koliko kapital stane; pomembno je, da ga za ceno preživetja dobijo. Nikdar še nisem slišal, da bi direktor podjetja, ki pride tudi na občino včasih prositi za posredovanje, naj banka odobri podjetju kredit, rekel: ja, pa še omenite, da ne bo po tako visoki obrestni meri. Tega preprosto ne delajo več, ker, ali nima smisla, ali pa enostavno nič ne morejo. Sprejmejo vse pogoje, tudi oročnost kreditov, po drugi strani pa že vnaprej z dejstvom pridejo, da starih obveznosti, pa naj si bo glavnica ali obrestna mera, sploh niso plačali, da na noben opomin, da na nobeno ne vem kakšno drugo urgenco ne reagirajo in to enostavno pri zaprositvi novega kredita zamolčijo ali pa smatrajo kot nepomembno. Torej: dajte nam nov kredit, starega pustite pri miru in tudi vam jasno povemo, da nismo sposobni plačati novih obrestnih mer, torej takih, ki bodo temu novemu kreditu sledile."
"parl.DruzPolZb","seja",47,"1992-10-21","11:05:00","13:35:00","HalbJanko1957",0,"DruzPolZb.1992-10-21.s047-04.sp-321","DruzPolZb.1992-10-21.s047-04.sp-321.6",DruzPolZb.1992-10-21.s047-04.toc-item4,"taxonomy.3.6.6.2.3","topic.255","utterance","In kaj se sedaj zgodi? Kredit se odobri ali ne odobri, podjetje pa prav zaradi najema takšnega kredita zabrede v nov ciklus še hujših in nerazrešljivih težav. Jaz se sprašujem, zakaj tudi ta vladna koalicija v sedanjem tako pomembnem momentu, pa ne zato, ker so volitve blizu, ampak zato, ker smo recimo sedaj že pred toliko napovedovanim gospodarskim kolapsom in prav visoka cena kapitala to pogojuje in naprej producira. Namreč tudi navajenost, da je socialistično komunistični sistem omogočal socialističnim podjetjem najemanje kreditov brez stroge garancije vrnitve in z vnaprejšnjo jasnostjo, da bodo, recimo, obresti tolerirane kakršnekoli bodo, so se podjetja odvadila poslovati z lastnim obratnim kapitalom. In to je najhujša hiba sedanjega gospodarstva, da nima obratnega kapitala. Po drugi strani zelo likvidna podjetja, ki so recimo tudi monopolisti, to izkoriščajo in tudi prenašajo v Odbor za kreditno monetarni sistem recimo takšna stališča, da naj te obrestne mere kar veljajo, ker jim to koristi, ker po še višjih kot so bančne obrestne mere, posojajo kapital; seveda, to je peščica priviligiranih podjetij ali skupine podjetij, vsi drugi so zaradi tega v hudih težavah. In dokler tu ne bo recimo političnega konsenza, da tista mala, priviligirana ekipa podjetij zlorablja tisto pomanjkanje kapitala, do takrat jaz vem, da ne bo konsenza tudi za ta zakon, če bo imel oročeno trajanje. Znižanje obrestnih mer bi, recimo, pomenilo največjo intervencijo v gospodarstvo in to recimo od danes in za poskusno obdobje šestih mesecev. Takrat bi izmerili učinke, ker jaz z vsem tem nasprotovanjem temu zakonu nisem zasledil, da so nasprotniki zakona jasno argumentirali negativne posledice tega zakona za gospodarstvo. Govorijo, da bo moten finančni trg, da bo moten denarni trg, da bo moten bančni sistem, da recimo moramo suspendirati ali pa odpraviti zakon o Banki Slovenije. Jaz ne vem, če je vse to potrebno? Lahko je, da v Svetu Banke bi bilo mogoče potrebno koga zamenjati in bi imel tudi drugačno stališče do tega zakona, ker enostavno ne vidim, da nekdo ne zna preceniti, da je ta zakon v sedanjem momentu, recimo, tudi takšen kakršen je, potreben."
"parl.DruzPolZb","seja",47,"1992-10-21","11:05:00","13:35:00","HalbJanko1957",0,"DruzPolZb.1992-10-21.s047-04.sp-321","DruzPolZb.1992-10-21.s047-04.sp-321.7",DruzPolZb.1992-10-21.s047-04.toc-item4,"taxonomy.3.6.6.2.3","topic.255","utterance","Če mi dokažete, da je za gospodarstvo ta zakon katastrofalen, da bo gospodarstvo doživelo ne vem kakšne še hujše motnje kot jih imajo sedaj, potem bom proti zakonu. Ampak dokler tega jasno ne pokažete, da govorite samo o motnjah bančnega sistema, po drugi strani pa vemo, da za sanacijo bančnega sistema še nismo nič naredili, ker ni političnega konsenza, in dokler tega ne bo, bo vprašanje tudi z zakonom o privatizaciji, kakšno usodo bo doživljal v sedanjem sklicu parlamenta."
"parl.DruzPolZb","seja",47,"1992-10-21","11:05:00","13:35:00","HalbJanko1957",0,"DruzPolZb.1992-10-21.s047-04.sp-321","DruzPolZb.1992-10-21.s047-04.sp-321.8",DruzPolZb.1992-10-21.s047-04.toc-item4,"taxonomy.3.6.6.2.3","topic.255","utterance","To recimo, da Odbor za kreditno monetarni sistem in politiko naroča Vladi in predlagatelju naj pripravijo nov predlog zakona, je vprašanje, ali je to korektno ali ne? Jaz ne vem sedaj, ali je vlada bolj kompetentna kot kateri drugi predlagatelj, da zakonski tekst, materijo predloži skupščini, da mora skupni predlog biti. Vlada se mi zdi, da sploh še ni izrekla dokončnega mnenja, kaj bo sama pripravila na sklep Odbora za kreditno monetarni sistem in politiko."
"parl.DruzPolZb","seja",47,"1992-10-21","11:05:00","13:35:00","HalbJanko1957",0,"DruzPolZb.1992-10-21.s047-04.sp-321","DruzPolZb.1992-10-21.s047-04.sp-321.9",DruzPolZb.1992-10-21.s047-04.toc-item4,"taxonomy.3.6.6.2.3","topic.255","utterance","Še o tistem, kar je gospod Debeljak govoril, da se s tem zakonom ne odpravljajo vzroki, pač pa posledice. Vprašanje, ali ste pravilno locirali, odkrili vzroke? Jaz sicer trdim, da so vzroki za tako visoke obresti v strukturi bančnega sistema, v pomanjkanju konkurence v bančništvu in pa v lagodnosti zaposlenih v bankah. Tisti podatki o povprečnih številkah, ki smo jih dobili na Odboru za kreditno monetarni sistem in politiko o gibanju plač, o višinah plač prav nič ne povedo. In dokler je največji monopolist Ljubljanska banka zainteresirana za tako visoke obresti, ker slabih kreditov enostavno ne more izterjati, ker ni inštrumentarija, ker ima negativne aktive v smislu nerešenih terjatev do Narodne banke Jugoslavije, do takrat je interes tega velikega monopolista po teh obrestnih merah, pa tudi za ceno, da nam gospodarstvo crkne. In prav tu vlada noče pokazati na krivca."
"parl.DruzPolZb","seja",47,"1992-10-21","11:05:00","13:35:00","HalbJanko1957",0,"DruzPolZb.1992-10-21.s047-04.sp-321","DruzPolZb.1992-10-21.s047-04.sp-321.10",DruzPolZb.1992-10-21.s047-04.toc-item4,"taxonomy.3.6.6.2.3","topic.255","utterance","Po drugi strani smo recimo pričakovali, da se bo s pojavom novih bank spodbudilo konkurenco na bančnem trgu. Vendar, na žalost, ne splača se novim bankam biti tako neumen in nuditi kapital po nižji obrestni meri, ker s tem enostavno ščitijo monopoliste še naprej. Majhen ponudnik kapitala po nizki obrestni meri bo propadel, če bo vse drugo šlo po visoki obrestni meri. Zato je ta trditev, da se vzroki ne odpravljajo, za to je kriva vlada. Vlada enostavno vzrokov ali noče ali pa, ne daj bog, ne zna odpraviti."
"parl.DruzPolZb","seja",47,"1992-10-21","11:05:00","13:35:00","HalbJanko1957",0,"DruzPolZb.1992-10-21.s047-04.sp-321","DruzPolZb.1992-10-21.s047-04.sp-321.11",DruzPolZb.1992-10-21.s047-04.toc-item4,"taxonomy.3.6.6.2.3","topic.255","utterance","Po drugi strani mi, gospod Debeljak, povejte, ali so tako visoke obrestne mere, vzrok ali posledica inflacije? Skoraj sem prepričan, da so do 20 % visoke obrestne mere vzrok inflacije in vlada je sedaj prisiljena recimo zaradi nesledenja inflatornih gibanj na področju plač, odpovedati kolektivne pogodbe. Vidite, kakšen politični nesmisel je to. Rajši boste odpovedali pogodbe, kot da bi, recimo, priznali, da so tudi visoke obrestne mere iniciator ali novi spiralni zavoj na področju inflacije. Rajši boste šli v odpis kolektivnih pogodb."
"parl.DruzPolZb","seja",47,"1992-10-21","11:05:00","13:35:00","HalbJanko1957",0,"DruzPolZb.1992-10-21.s047-04.sp-321","DruzPolZb.1992-10-21.s047-04.sp-321.12",DruzPolZb.1992-10-21.s047-04.toc-item4,"taxonomy.3.6.6.2.3","topic.255","utterance","Bom zelo banalno ilustriral vzrok in posledico. Recimo nekdo je zažgal gozd ali polje. Ugotovi se, da je vzrok odvrženi ogorek. Seveda vrhovno poveljstvo se bo sestalo in ugotavljalo, kako bi vzroke odpravljali, ne pa da bi poklicali gasilce in pogasili požar. Rekli bodo: prepovejmo odmetavanje ogorkov, prepovejmo kajenje ali pa, ne nazadnje, prepovejmo izdelavo cigaret. Mislim, če se na tak način sedaj sprenevedamo in nočemo odpraviti posledic, ki so katastrofalne za to gospodarstvo, potem bom tudi glasoval za prepoved kajenja ali prepoved izdelave cigaret ali pa nenazadnje sajenja tobaka. Prav na takšen način se sedanja vlada ali pa vladna koalicija spravlja na razreševanje tega akutnega problema."
"parl.DruzPolZb","seja",47,"1992-10-21","11:05:00","13:35:00","HalbJanko1957",0,"DruzPolZb.1992-10-21.s047-04.sp-321","DruzPolZb.1992-10-21.s047-04.sp-321.13",DruzPolZb.1992-10-21.s047-04.toc-item4,"taxonomy.3.6.6.2.3","topic.255","utterance","Še tisto o gospodu De Huanu. Namreč gospod De Huan je strokovno korektno predložil recimo projekt sanacije bančnega sistema. On je dal hipotezo, potem je tisto prvotno dogajanje v nekem bančništvu ali v nekem bančnem sistemu izkrivil in potem dal diagnozo, kako se to rešuje. Seveda je njegov prihod v naš parlament bil za tisti namen. Ampak, ker smo mi imeli preje, mislim en dan preje ali kako je bilo, na debati to temo, je gospod Kopač izkoristil prisotnost gospoda De Huana in ga kar direktno vprašal, kako on ocenjuje sprejem takega zakona, ki recimo omejuje obrestne mere. Seveda gospod De Huan je bil korekten in je odgovoril na vprašanje. Če bi pa bil gospod De Huan povabljen v ta parlament, da bo seznanjen z razmerami, ki veljajo pri nas zaradi visokih obrestnih mer v gospodarstvu, jaz mislim, da bi bil njegov odgovor drugačen. In taka provokacija, da gospod Kopač to zlorabi, ne da bi pojasnil ali pa nakazal kakšne so okoliščine in sedaj izkorišča njegov odgovor, da pač temu zakonu tudi gospod De Huan nasprotuje, mislim, da je to navadna manipulacija in za mene nekaj nizkega. Če nekomu ne pojasniš v kakšni dobi si, da ga samo nekaj direktno vprašaš, potem je to daleč od poštenosti, ali ne vem česa. Hvala lepa."
"parl.DruzPolZb","seja",47,"1992-10-21","11:05:00","13:35:00","",0,"DruzPolZb.1992-10-21.s047-04.sp-322","DruzPolZb.1992-10-21.s047-04.sp-322.1",DruzPolZb.1992-10-21.s047-04.toc-item4,"","","speaker","PREDSEDNIK DR. LUDVIK TOPLAK:"
"parl.DruzPolZb","seja",47,"1992-10-21","11:05:00","13:35:00","ToplakLudvik1942",1,"DruzPolZb.1992-10-21.s047-04.sp-322","DruzPolZb.1992-10-21.s047-04.sp-322.2",DruzPolZb.1992-10-21.s047-04.toc-item4,"taxonomy.3.6.6.2.3","topic.255","utterance","Hvala lepa. Repliko želi gospod Kopač, potem je pa dr. Zagožen prijavljen in še Žarko Pregelj."
"parl.DruzPolZb","seja",47,"1992-10-21","11:05:00","13:35:00","",0,"DruzPolZb.1992-10-21.s047-04.sp-323","DruzPolZb.1992-10-21.s047-04.sp-323.1",DruzPolZb.1992-10-21.s047-04.toc-item4,"","","speaker","JANEZ KOPAČ:"
"parl.DruzPolZb","seja",47,"1992-10-21","11:05:00","13:35:00","KopacJanez1961",0,"DruzPolZb.1992-10-21.s047-04.sp-323","DruzPolZb.1992-10-21.s047-04.sp-323.2",DruzPolZb.1992-10-21.s047-04.toc-item4,"taxonomy.3.6.6.2.3","topic.255","utterance","Želel bi odgovoriti samo na tole zadnje, kar se mi zdi, da ni bilo lepo, rekel bi, da je bilo nekoliko podlo. Gospod De Huan zelo dobro pozna naše gospodarstvo in zelo dobro pozna približno 15 gospodarstev ali 15 bančnih sistemov, ki jih je po svetu saniral, začenši s španskim. O tem je bolje poučen gospod Deželak kot predsednik Odbora za kreditno monetarni sistem in politiko. Povem vam, saj naši problemi z visokimi obrestnimi merami in onesnaženimi plasmaji bank niso nič posebnega. Takšne probleme imajo, ali pa so imeli, v vseh državah Latinske Amerike in imajo jih v vsej vzhodni Evropi, samo da so nekje problemi nekoliko hujši, nekje so pa nekoliko milejši. Naš je, bom rekel, med srednje hudimi ali pa srednje milimi, nekje na sredi."
"parl.DruzPolZb","seja",47,"1992-10-21","11:05:00","13:35:00","KopacJanez1961",0,"DruzPolZb.1992-10-21.s047-04.sp-323","DruzPolZb.1992-10-21.s047-04.sp-323.3",DruzPolZb.1992-10-21.s047-04.toc-item4,"taxonomy.3.6.6.2.3","topic.255","utterance","Je pa gospod De Huan tudi v prisotnosti gospoda Halba govoril o enem samem primeru, kjer so šli zaradi prevelike slabe kakovosti, zanič kakovosti plasmajev ukinjati vse banke in to je primer Rusije in pravi, da je to edini primer, ker je tudi on to podprl, ker je tam kvaliteta plasmajev bila manj kot 10 %. V Sloveniji je kvaliteta plasmajev več kot polovica, zato seveda se naših bank ne splača ukinjati, ampak se jih splača pozdraviti in jih imeti naprej."
"parl.DruzPolZb","seja",47,"1992-10-21","11:05:00","13:35:00","KopacJanez1961",0,"DruzPolZb.1992-10-21.s047-04.sp-323","DruzPolZb.1992-10-21.s047-04.sp-323.4",DruzPolZb.1992-10-21.s047-04.toc-item4,"taxonomy.3.6.6.2.3","topic.255","utterance","Zopet se moramo vračati, tudi ob vseh navedbah gospoda Halba, k predavanju ali pa k teoriji. Poglejte! V tem času sem si narisal, samo takole, da vam bom razložil, poglejte. Na eni strani viri, na eni strani so pa plasmaji banke. In viri so hranilne vloge prebivalstva, depoziti podjetij, ustanovni kapital banke kot v obliki delniškega kapitala in ne vem kaj še, medtem ko plasmaji na tej strani so pa krediti prebivalcem, krediti podjetjem in naložbe v vrednostne papirje in podobno. Vi imate na tej strani vire, ki jih morate pokrivati. Prebivalcem morate dajati obresti na hranilne vloge, morate dajati podjetjem obresti na denar, ki so ga v bankah vezali, če hočete dobiti sploh še kakšnega, ki bo v tej banki vlagal. Skratka, to je treba pokrivati."
"parl.DruzPolZb","seja",47,"1992-10-21","11:05:00","13:35:00","KopacJanez1961",0,"DruzPolZb.1992-10-21.s047-04.sp-323","DruzPolZb.1992-10-21.s047-04.sp-323.5",DruzPolZb.1992-10-21.s047-04.toc-item4,"taxonomy.3.6.6.2.3","topic.255","utterance","Na tej strani ti plasmaji so pa onesnaženi. V Sloveniji imamo 28 bank, največja med njimi je Ljubljanska banka d.d., ki predstavlja okrog 35 % slovenskega bančnega prostora, če se ne motim (mogoče me bodo predstavniki vlade popravili, ker se bolje spoznajo na to). Ljubljanska banka d.d., jaz ne bom sedaj rekel kakšen odstotek onesnaženih plasmajev ima, ampak jim ima, ker je imela devizne vloge varčevalcev, kar predstavlja terjatev do Narodne banke Jugoslavije (pa izterjajte kaj iz Beograda sedaj, se vam bodo smejali) in ker je imela skozi politiko prisiljene odločitve o naložbah v razne zgrešene projekte, a'la železarne in podobno in zato so ti plasmaji slabi. Skratka, recimo, da, sedaj si izmišljujem, recimo da polovico teh plasmajev je zanič, je gnilih; od njih ne dobite nobenega denarja, nobenih obresti, zato mora preostala polovica (to je replika, ker je treba pojasniti, gospod Halb se bo ponovno javil)."
"parl.DruzPolZb","seja",47,"1992-10-21","11:05:00","13:35:00","",0,"DruzPolZb.1992-10-21.s047-04.sp-324","DruzPolZb.1992-10-21.s047-04.sp-324.1",DruzPolZb.1992-10-21.s047-04.toc-item4,"","","speaker","PREDSEDNIK DR. LUDVIK TOPLAK:"
"parl.DruzPolZb","seja",47,"1992-10-21","11:05:00","13:35:00","ToplakLudvik1942",1,"DruzPolZb.1992-10-21.s047-04.sp-324","DruzPolZb.1992-10-21.s047-04.sp-324.2",DruzPolZb.1992-10-21.s047-04.toc-item4,"taxonomy.3.6.6.2.3","topic.255","utterance","Sedaj je tako, po poslovniku omejitev replike na pet minut. Prosim gospod Kopač, če to upoštevate."
"parl.DruzPolZb","seja",47,"1992-10-21","11:05:00","13:35:00","",0,"DruzPolZb.1992-10-21.s047-04.sp-325","DruzPolZb.1992-10-21.s047-04.sp-325.1",DruzPolZb.1992-10-21.s047-04.toc-item4,"","","speaker","JANEZ KOPAČ:"
"parl.DruzPolZb","seja",47,"1992-10-21","11:05:00","13:35:00","KopacJanez1961",0,"DruzPolZb.1992-10-21.s047-04.sp-325","DruzPolZb.1992-10-21.s047-04.sp-325.2",DruzPolZb.1992-10-21.s047-04.toc-item4,"taxonomy.3.6.6.2.3","topic.255","utterance","Zato mora ostala polovica plačati zadosti obresti, da se pokrije vse tisto drugo. In zato so visoke obrestne mere. In tistih par bank - saj to gospod Halb dobro ve - ki pa so na novo ustanovljene, ki nimajo onesnaženih plasmajev, npr. te tuje banke, Bank Austria ali pa Kredit Einstalt in še kakšna izključna slovenska banka, ki je na novo ustanovljena, ima 100 % čiste plasmaje in oni mlatijo krasne dobičke. Mislim, da bi morala država poseči po teh dobičkih, ki so priviligirani dobički."
"parl.DruzPolZb","seja",47,"1992-10-21","11:05:00","13:35:00","KopacJanez1961",0,"DruzPolZb.1992-10-21.s047-04.sp-325","DruzPolZb.1992-10-21.s047-04.sp-325.3",DruzPolZb.1992-10-21.s047-04.toc-item4,"taxonomy.3.6.6.2.3","topic.255","utterance","Je pa predvsem način reševanja tega skozi sanacijo starih bank, tistih, ki so onesnažene zaradi odcepitve, kar predstavlja terjatev do Narodne banke Jugoslavije oziroma osamosvojitve in pa zaradi slabih naložb, ki pa so bile delno krivda banke, bančnega menedžmenta, delno pa krivda takratne politike. In za tisto, kar niso krivi sami, torej zaradi osamosvojitve, jim je treba dati - je že Peterletova vlada pripravila - en zakon, ki ga je Drnovškova vlada ponovno poskušala spraviti skozi parlament, vendar ga Zbor občin neprestano blokira. Za tisto, kar pa so krivi ali pa so sokrivi, skratka za slabe naložbe v podjetja, pa je Drnovškova vlada predlagala drug zakon, ki ravno tako ne gre skozi. In za tisto, ki niso nič krivi bi jim morala država v bistvu pomagati na nevtralen način, za tam, kjer so pa sokrivi, se pa to dela preko Agencije za sanacijo bank, kar pomeni - takšna intervencija preko agencije za sanacijo bank - da se poreže sedanji bančni menedžment in se ga zamenja."
"parl.DruzPolZb","seja",47,"1992-10-21","11:05:00","13:35:00","KopacJanez1961",0,"DruzPolZb.1992-10-21.s047-04.sp-325","DruzPolZb.1992-10-21.s047-04.sp-325.4",DruzPolZb.1992-10-21.s047-04.toc-item4,"taxonomy.3.6.6.2.3","topic.255","utterance","In to je logika reševanja vseh bank po vsem svetu. Gospod De Huan je to zadnjič zelo jasno in lepo pokazal. Ena sama država je šla v drugo smer in to je Rusija oziroma, kjer je bila uničenost bančnih bilanc popolna in so šli enostavno v ukinitev. Tako daleč mi nismo in tega nam ni treba. Za to ni kriva vlada, ne prejšnja in ne sedanja, ampak kriva je ta skupščina oziroma konkretno Zbor občin, ki neprestano blokira zakone, ki bi začel s procesom sanacije bank, saj to se čez noč ne naredi. S tem, upam, da sem odgovoril na vaše očitke. Hvala."
"parl.DruzPolZb","seja",47,"1992-10-21","11:05:00","13:35:00","",0,"DruzPolZb.1992-10-21.s047-04.sp-326","DruzPolZb.1992-10-21.s047-04.sp-326.1",DruzPolZb.1992-10-21.s047-04.toc-item4,"","","speaker","PREDSEDNIK DR. LUDVIK TOPLAK:"
"parl.DruzPolZb","seja",47,"1992-10-21","11:05:00","13:35:00","ToplakLudvik1942",1,"DruzPolZb.1992-10-21.s047-04.sp-326","DruzPolZb.1992-10-21.s047-04.sp-326.2",DruzPolZb.1992-10-21.s047-04.toc-item4,"taxonomy.3.6.6.2.3","topic.255","utterance","Hvala lepa. Prosim, gospod Janko Halb. Pa prosim, če je v mejah replike po poslovniku."
"parl.DruzPolZb","seja",47,"1992-10-21","11:05:00","13:35:00","",0,"DruzPolZb.1992-10-21.s047-04.sp-327","DruzPolZb.1992-10-21.s047-04.sp-327.1",DruzPolZb.1992-10-21.s047-04.toc-item4,"","","speaker","JANKO HALB:"
"parl.DruzPolZb","seja",47,"1992-10-21","11:05:00","13:35:00","HalbJanko1957",0,"DruzPolZb.1992-10-21.s047-04.sp-327","DruzPolZb.1992-10-21.s047-04.sp-327.2",DruzPolZb.1992-10-21.s047-04.toc-item4,"taxonomy.3.6.6.2.3","topic.255","utterance","Najprej okrog predavanja. Mislim, da ex finančnemu ministru ni v čast, da si naroča referate. Drugič pa, jaz bom za ta zakon glasoval iz povsem drugačne predpostavke. Tudi mislim, da sem v svoji razpravi na to opozoril - odprava negativnih posledic za gospodarstvo. Gospod Kopač ima drugačno predpostavko - reševanje Ljubljanske banke d.d. - Hvala lepa."
"parl.DruzPolZb","seja",47,"1992-10-21","11:05:00","13:35:00","",0,"DruzPolZb.1992-10-21.s047-04.sp-328","DruzPolZb.1992-10-21.s047-04.sp-328.1",DruzPolZb.1992-10-21.s047-04.toc-item4,"","","speaker","PREDSEDNIK DR. LUDVIK TOPLAK:"
"parl.DruzPolZb","seja",47,"1992-10-21","11:05:00","13:35:00","ToplakLudvik1942",1,"DruzPolZb.1992-10-21.s047-04.sp-328","DruzPolZb.1992-10-21.s047-04.sp-328.2",DruzPolZb.1992-10-21.s047-04.toc-item4,"taxonomy.3.6.6.2.3","topic.255","utterance","Hvala lepa. Prosim po vrsti, doktor Zagožen. Samo malo prosim, da ugotovimo navzočnost. Ugotavljamo navzočnost."
"parl.DruzPolZb","seja",47,"1992-10-21","11:05:00","13:35:00","",0,"DruzPolZb.1992-10-21.s047-04.sp-328","DruzPolZb.1992-10-21.s047-04.sp-328.3",DruzPolZb.1992-10-21.s047-04.toc-item4,"","","vote","38 navzočih vključno s poslanci, ki so zdaj vstopili."
"parl.DruzPolZb","seja",47,"1992-10-21","11:05:00","13:35:00","",0,"DruzPolZb.1992-10-21.s047-04.sp-329","DruzPolZb.1992-10-21.s047-04.sp-329.1",DruzPolZb.1992-10-21.s047-04.toc-item4,"","","speaker","DR. FRANC ZAGOŽEN:"
"parl.DruzPolZb","seja",47,"1992-10-21","11:05:00","13:35:00","ZagozenFrance1942",0,"DruzPolZb.1992-10-21.s047-04.sp-329","DruzPolZb.1992-10-21.s047-04.sp-329.2",DruzPolZb.1992-10-21.s047-04.toc-item4,"taxonomy.3.6.6.2.3","topic.255","utterance","Spoštovani! Jaz sem zelo skrbno poslušal prvo tretjino seminarske naloge gospoda Kopača. Mislim, da je zanimiva, ocenjeval bi jo lahko kak profesor ekonomije ne jaz."
"parl.DruzPolZb","seja",47,"1992-10-21","11:05:00","13:35:00","ZagozenFrance1942",0,"DruzPolZb.1992-10-21.s047-04.sp-329","DruzPolZb.1992-10-21.s047-04.sp-329.3",DruzPolZb.1992-10-21.s047-04.toc-item4,"taxonomy.3.6.6.2.3","topic.255","utterance","Na tri stvari bi rad opozoril. Gospod Kopač ni prav z ničemer odvrgel dejstva, da so pri nas obresti oderuške. Celo sam je uporabil izraz ""izkoriščevalske"". To dejstvo stoji. Drugič. Pravi, zakon ne odpravlja vzrokov. To je gotovo res. Bi pa zakon odpravil vsaj del posledic, ki jih ima v gospodarstvu, na kar je gospod Halb že opozoril. Moje mnenje je, da bi ta zakon prisilil vlado, da hitreje odpravlja vzroke in da bi jo prisilil, da bi bolj kooperativno sodelovala s skupščino pri sprejemanju zakona o sanaciji bank, za katerega vemo, da je zelo potreben, vendar pa ga bo lahko sprejeti samo, ko bo parlament prepričan, da je ta zakon čist, da dejansko odpravlja vzroke, ki še zdaleč niso samo devizne vloge - mislim da je tega minimalno - gre predvsem za te onesnažene plasmaje bank. Skupščina mora vedeti, kaj je pripeljalo do tega, kako bodo banke sanirane in kdo bo prihodnji lastnik teh bank, kar doslej v predlogih zakona za sanacijo bank ni bilo nikoli tako čisto predstavljeno, da bi večina sprejela."
"parl.DruzPolZb","seja",47,"1992-10-21","11:05:00","13:35:00","ZagozenFrance1942",0,"DruzPolZb.1992-10-21.s047-04.sp-329","DruzPolZb.1992-10-21.s047-04.sp-329.4",DruzPolZb.1992-10-21.s047-04.toc-item4,"taxonomy.3.6.6.2.3","topic.255","utterance","Še nekaj me je zbodlo. Gospod Kopač je rekel, da je zakon nazadnjaški: onemogoča optimalno lokacijo kapitala. Nasprotno je res: sedanje stanje onemogoča optimalno lokacijo kapitala. Tudi o tem je govoril. Če banke pobirajo oderuške obresti še kolikor toliko zdravemu gospodarstvu in ta denar vlagajo v propadla podjetja zato, da vzdržujejo neko svojo bilanco premoženja, potem je to ravno obraten tok kapitala, kot bi bil potreben. Zakon bi prav to preprečil in silil banke, da nehajo s tem početjem; namreč, zapravljanjem investicijskega kapitala, ki ga zbirajo z oderuškimi obrestmi. Hvala."
"parl.DruzPolZb","seja",47,"1992-10-21","11:05:00","13:35:00","",0,"DruzPolZb.1992-10-21.s047-04.sp-330","DruzPolZb.1992-10-21.s047-04.sp-330.1",DruzPolZb.1992-10-21.s047-04.toc-item4,"","","speaker","PREDSEDNIK DR. LUDVIK TOPLAK:"
"parl.DruzPolZb","seja",47,"1992-10-21","11:05:00","13:35:00","ToplakLudvik1942",1,"DruzPolZb.1992-10-21.s047-04.sp-330","DruzPolZb.1992-10-21.s047-04.sp-330.2",DruzPolZb.1992-10-21.s047-04.toc-item4,"taxonomy.3.6.6.2.3","topic.255","utterance","Hvala lepa dr. Zagožnu. Prosim, da ugotovimo navzočnost. Eden prihaja, to še ni dovolj."
"parl.DruzPolZb","seja",47,"1992-10-21","11:05:00","13:35:00","",0,"DruzPolZb.1992-10-21.s047-04.sp-330","DruzPolZb.1992-10-21.s047-04.sp-330.3",DruzPolZb.1992-10-21.s047-04.toc-item4,"","","quorum","40 navzočih."
"parl.DruzPolZb","seja",47,"1992-10-21","11:05:00","13:35:00","ToplakLudvik1942",1,"DruzPolZb.1992-10-21.s047-04.sp-330","DruzPolZb.1992-10-21.s047-04.sp-330.4",DruzPolZb.1992-10-21.s047-04.toc-item4,"taxonomy.3.6.6.2.3","topic.255","utterance","Eden manjka. Gospod Pregelj je prvi, Tomšič drugi in potem po vrsti."
"parl.DruzPolZb","seja",47,"1992-10-21","11:05:00","13:35:00","",0,"DruzPolZb.1992-10-21.s047-04.sp-330","DruzPolZb.1992-10-21.s047-04.sp-330.5",DruzPolZb.1992-10-21.s047-04.toc-item4,"","","quorum","Zdaj nas je 41 prisotnih."
"parl.DruzPolZb","seja",47,"1992-10-21","11:05:00","13:35:00","ToplakLudvik1942",1,"DruzPolZb.1992-10-21.s047-04.sp-330","DruzPolZb.1992-10-21.s047-04.sp-330.6",DruzPolZb.1992-10-21.s047-04.toc-item4,"taxonomy.3.6.6.2.3","topic.255","utterance","Pregelj, Tomšič, Kolešnik - po vrsti."
"parl.DruzPolZb","seja",47,"1992-10-21","11:05:00","13:35:00","",0,"DruzPolZb.1992-10-21.s047-04.sp-331","DruzPolZb.1992-10-21.s047-04.sp-331.1",DruzPolZb.1992-10-21.s047-04.toc-item4,"","","speaker","ŽARKO PREGELJ:"
"parl.DruzPolZb","seja",47,"1992-10-21","11:05:00","13:35:00","PregeljZarko1956",0,"DruzPolZb.1992-10-21.s047-04.sp-331","DruzPolZb.1992-10-21.s047-04.sp-331.2",DruzPolZb.1992-10-21.s047-04.toc-item4,"taxonomy.3.6.6.2.3","topic.255","utterance","Spoštovani! Zahvaljujem se gospodu Kopaču za poglobljeno vsebinsko razlago določenih zadev, katere so verjetno običajnim poslancem mnogo manj razumljive. Jasno pa je, da je taka razlaga ali predavanje otežkočeno, če predavatelj nima ustreznih pripomočkov. Težko je sledili razpravi, če nimaš določenega priznanja, brez ustreznih grafičnih prikazov, kajti te zadeve včasih je zelo enostavno pokazati z ustreznimi instrumenti. Tako, da jaz razumem tisto manjše zanimanje poslancev v tej smeri, kajti jasno je - iz svoje pedagoške izkušnje vem - ko učenec, oziroma tisti, ki posluša neko predavanje ne uspe slediti, potem njegova aktivnost, oziroma zanimanje pada in tukaj je verjetno razlog, zakaj je bilo manjše zanimanje v dvorani."
"parl.DruzPolZb","seja",47,"1992-10-21","11:05:00","13:35:00","PregeljZarko1956",0,"DruzPolZb.1992-10-21.s047-04.sp-331","DruzPolZb.1992-10-21.s047-04.sp-331.3",DruzPolZb.1992-10-21.s047-04.toc-item4,"taxonomy.3.6.6.2.3","topic.255","utterance","Vsekakor pa imam o tem zakonu in o celotni problematiki neko predstavo, ki sem si jo nekako poenostavljeno poskušal tako razložiti. Bistveno, na začetku, se mi zdi to, da ugotovimo kakšno področje - ekonomsko namreč - sploh obravnavamo. Če vzamemo našo državo kot zaprto območje, na katerem bo veljal ta zakon, je resnica lahko ena. Vemo pa, da naša država ni zaprto območje in tudi v bodoče verjetno ne bo. Dostopna bo vstopu tudi tujega kapitala in potem se razmere začenjajo bistveno spreminjati. Že ugotovitev mojih predgovornikov, da banke, ki nimajo onesnaženih plasmajev, lahko zdaj na podlagi ustaljenih obrestnih mer kujejo dokaj visoke dobičke, ki jih nihče primerno ne obdavči, to pomeni, da je nekaj narobe. Namreč, če želimo z visokimi obrestnimi merami reševati te naše banke, ki imajo tako in tako zgodovino, potem jasno tej rešitvi ni videti konca. Vsi vemo, da je lahko neka banka, ki ima v svojem ustanovnem kapitalu kapital podjetij, ki niso uspešna, ki ne ustvarjajo nove presežne vrednosti, ki v bistvu celo padajo v svoji proizvodnji, potem ima jasno taka banka slabo naložen denar, ogroženo je odplačevanje obresti, kaj šele glavnice. Jasno, da taka banka ne more biti uspešna. Jaz si tako razlagam celotno neuspešnost slovenskih bank."
"parl.DruzPolZb","seja",47,"1992-10-21","11:05:00","13:35:00","PregeljZarko1956",0,"DruzPolZb.1992-10-21.s047-04.sp-331","DruzPolZb.1992-10-21.s047-04.sp-331.4",DruzPolZb.1992-10-21.s047-04.toc-item4,"taxonomy.3.6.6.2.3","topic.255","utterance","Sedaj je ta rešitev, ali damo mi te bančne odnose oziroma kreditno obrestne odnose na ustrezno evropsko raven ali ne. Mi ne smemo, po mojem mnenju, reševati teh problemov slovenskega bančništva na tak način, ker v resnici škodimo gospodarstvu, in če gospodarstvo, ki ima še vedno določen ustanovni kapital v teh bankah, ne uspe ustvarjati nove presežne vrednosti, potem te banke ne morejo nikoli izplavati."
"parl.DruzPolZb","seja",47,"1992-10-21","11:05:00","13:35:00","PregeljZarko1956",0,"DruzPolZb.1992-10-21.s047-04.sp-331","DruzPolZb.1992-10-21.s047-04.sp-331.5",DruzPolZb.1992-10-21.s047-04.toc-item4,"taxonomy.3.6.6.2.3","topic.255","utterance","Meni osebno je tudi razumljivo, da so pri nas visoke obresti, kajti naše banke imajo majhen kapital in s svojo velikostjo in strukturo na tem majhnem kapitalu z nizkimi obrestmi, enostavno povedano, premalo zaslužijo. Če bi želele več zaslužiti, bi rabile več kapitala in bi ga potem lahko po nižji obrestni meri posojale. Ta problem se na ta način, da se bomo vrteli zgolj v krogu in bomo skrbeli za preživetje teh bank, ne bo rešil. V resnici ima gospod Kopač prav, da je treba pristopiti k sanaciji celotnega bančništva, obenem pa menim, da je že ta zakon, ki ga predlaga gospod Toplak, korak k tej ozdravitvi. Tak zakon bi jasno pokazal tistim bankam, da ne morejo več reševati svojega stanja z visokimi obrestmi in bi jih avtomatično potem prisilil k iskanju drugačnih rešitev. Verjetno bo drugačna rešitev tudi pameten pristop oziroma priključitev k močnejšim bankam, to so jasno tuje, tu nimamo kaj iskati. Nek strokovnjak je bil tu pred letom in pol, ko je ugotovil, da verjetno ni izhoda za naše bančništvo ob izgubi, ki jo ima. In da je verjetno edina rešitev ena pametna združitev s tistimi bankami, ki imajo toliko kapitala, ki ga ustvarjajo na tako širokem področju, kjer ni čutiti tako majhnih negativnih vplivov, kot pri nas v naši državi in ki nam lahko posojajo tujo akumulacijo. To je ta problem."
"parl.DruzPolZb","seja",47,"1992-10-21","11:05:00","13:35:00","PregeljZarko1956",0,"DruzPolZb.1992-10-21.s047-04.sp-331","DruzPolZb.1992-10-21.s047-04.sp-331.6",DruzPolZb.1992-10-21.s047-04.toc-item4,"taxonomy.3.6.6.2.3","topic.255","utterance","Koliko je moje izvajanje strokovno pravilno, je mogoče malo vprašljivo, ampak jaz to stvar tako razumem. Kot poslanec se bom tako odločal, da bom razumel ta zakon v smeri ozdravitve bančništva, ker jih bo postavil na realna tla. Iskanje izhoda z visokimi obrestmi je mogoče trenutno rešljivo za posamezne banke, nikakor pa ne more biti rešitev za slovensko gospodarstvo. Mi moramo imeti pred seboj slovensko gospodarstvo, ne samo banke. Banke so del gospodarstva, toda temelj, ki bo našo družbo peljal naprej je osnovno gospodarstvo in to mora postati uspešno. Se pravi, da mora začeti proizvodnja rasti, se dvigovati, ne pa stalno padati. Že 10 let proizvodnja stalno pada, po 1, 4, 10% na leto. To ne pelje nikamor več naprej. Tu je treba najti vzvode, da bo lahko tudi to gospodarstvo ustvarilo toliko akumulacije, ki bo zanimiva tudi za banke, za tuje banke, da bodo na tem prostoru začele delovati. Hvala lepa."
"parl.DruzPolZb","seja",47,"1992-10-21","11:05:00","13:35:00","",0,"DruzPolZb.1992-10-21.s047-04.sp-332","DruzPolZb.1992-10-21.s047-04.sp-332.1",DruzPolZb.1992-10-21.s047-04.toc-item4,"","","speaker","PREDSEDNIK DR. LUDVIK TOPLAK:"
"parl.DruzPolZb","seja",47,"1992-10-21","11:05:00","13:35:00","ToplakLudvik1942",1,"DruzPolZb.1992-10-21.s047-04.sp-332","DruzPolZb.1992-10-21.s047-04.sp-332.2",DruzPolZb.1992-10-21.s047-04.toc-item4,"taxonomy.3.6.6.2.3","topic.255","utterance","Hvala lepa. K besedi se je javil gospod Tomšič."
"parl.DruzPolZb","seja",47,"1992-10-21","11:05:00","13:35:00","",0,"DruzPolZb.1992-10-21.s047-04.sp-333","DruzPolZb.1992-10-21.s047-04.sp-333.1",DruzPolZb.1992-10-21.s047-04.toc-item4,"","","speaker","FRANCE TOMŠIČ:"
"parl.DruzPolZb","seja",47,"1992-10-21","11:05:00","13:35:00","TomsicFrance1937",0,"DruzPolZb.1992-10-21.s047-04.sp-333","DruzPolZb.1992-10-21.s047-04.sp-333.2",DruzPolZb.1992-10-21.s047-04.toc-item4,"taxonomy.3.6.6.2.3","topic.255","utterance","Hvala lepa. Spoštovane poslanke in poslanci! Jaz bi želel izhajati iz realnega stanja obrestnih mer, takšnega kakršnega imamo zadnje pol leta. Vsi se zavedamo, da je v Sloveniji vladala in še vedno vlada neke vrste anarhija na tem področju. Zaradi previsokih, oderuških obresti, te so bile po naših podatkih realno tudi preko 50%, je vrsta podjetij prišla v likvidnostne težave, mnogo pa jih je šlo zaradi servisiranja kreditov tudi v stečaj. Torej so zadeve, ki jih danes obravnavamo, zelo resne."
"parl.DruzPolZb","seja",47,"1992-10-21","11:05:00","13:35:00","TomsicFrance1937",0,"DruzPolZb.1992-10-21.s047-04.sp-333","DruzPolZb.1992-10-21.s047-04.sp-333.3",DruzPolZb.1992-10-21.s047-04.toc-item4,"taxonomy.3.6.6.2.3","topic.255","utterance","Mislim, da je naloga slovenskega parlamenta, da te probleme na nek način reši. Na ta način, kot se je lotil kolega Toplak, on je želel, da se nekaj premakne in tako tudi razumem ta zakon in menim, da je to plemenito dejanje, da smo sploh pričeli o tem razpravljati. Seveda, pa se moramo zavedati, da tržno svetovno gospodarstvo, ne samo slovensko gospodarstvo, lahko funkcionira edino, če se obrestne mere oblikujejo na osnovi ponudbe in povpraševanja. To je osnova vsakega tržnega gospodarstva. Vendar je glavna sporna točka to, da morajo biti banke tako oblikovane, da to zmorejo. Mi pa nimamo trga denarja in tu je ta nesreča Slovenije. Mi imamo še vedno kvazi monopol na tem sistemu. Vse druge banke, poleg Ljubljanske banke, so v bistvu zanemarljive, druge banke iz inozemstva pa še niso prezentne v taki meri, zato je potrebno, da na tem področju nekaj naredimo."
"parl.DruzPolZb","seja",47,"1992-10-21","11:05:00","13:35:00","TomsicFrance1937",0,"DruzPolZb.1992-10-21.s047-04.sp-333","DruzPolZb.1992-10-21.s047-04.sp-333.4",DruzPolZb.1992-10-21.s047-04.toc-item4,"taxonomy.3.6.6.2.3","topic.255","utterance","Seveda se zavedam, če bi bil tak zakon v tej dikciji sprejet, da bi hitro nastal sivi trg, jaz bi ga imenoval mafijski trg. Jasno, denarja še vedno primanjkuje in če bi rekli, dobro, 6% je tisto, kar je edino pravilno, denarja naenkrat ne bi bilo in začele bi delovati zveze, poznanstva in seveda tega ne maramo, ker to ni pravna država. Če danes pogledamo v Evropsko skupnost, bomo videli, da celo med tako razvitimi državami, kot so Nemčija, Anglija, Francija, Španija, da je med temi državami velika razlika, zato kapital zadnja dva meseca priteka v Nemčijo, kjer imajo največje obrestne mere in to iz Amerike. Tudi glede Japonske je podobno. Med njimi vlada neke vrste obrestna vojna in tega se moramo zavedati tudi v Sloveniji, zato moramo rešiti na tak način, ki ga Evropa razume."
"parl.DruzPolZb","seja",47,"1992-10-21","11:05:00","13:35:00","TomsicFrance1937",0,"DruzPolZb.1992-10-21.s047-04.sp-333","DruzPolZb.1992-10-21.s047-04.sp-333.5",DruzPolZb.1992-10-21.s047-04.toc-item4,"taxonomy.3.6.6.2.3","topic.255","utterance","Zato bi predlagal dodaten sklep. Jaz se zahvaljujem kolegu Toplaku, da je dal pobudo, da smo začeli razpravljati, vendar bi predlagal naslednji sklep, dodatni sklep, če ta zakon ne bi bil sprejet: da vlada in predlagatelj, dr. Toplak, v 30 dneh pripravijo tak zakon, ki bo reševal predvsem naslednje, to so tiste stvari, ki jih je Evropa dejansko pozna: oderuške obresti. Oderuške obresti, vi veste, da imajo nekatere države 17%, druge 14%, seveda vedno vezane na diskontno stopnjo banke tiste države, v tem primeru Banke Slovenije."
"parl.DruzPolZb","seja",47,"1992-10-21","11:05:00","13:35:00","TomsicFrance1937",0,"DruzPolZb.1992-10-21.s047-04.sp-333","DruzPolZb.1992-10-21.s047-04.sp-333.6",DruzPolZb.1992-10-21.s047-04.toc-item4,"taxonomy.3.6.6.2.3","topic.255","utterance","To bi bila že velika rešitev, če bi to dosegli. Seveda potem je potrebno vnesti člen o nepogodbenih obrestnih merah. Če ti dve stvari rešimo, mislim, da je bila iniciativa dr. Toplaka že zelo koristna. Hvala lepa."
"parl.DruzPolZb","seja",47,"1992-10-21","11:05:00","13:35:00","",0,"DruzPolZb.1992-10-21.s047-04.sp-334","DruzPolZb.1992-10-21.s047-04.sp-334.1",DruzPolZb.1992-10-21.s047-04.toc-item4,"","","speaker","PREDSEDNIK DR. LUDVIK TOPLAK:"
"parl.DruzPolZb","seja",47,"1992-10-21","11:05:00","13:35:00","ToplakLudvik1942",1,"DruzPolZb.1992-10-21.s047-04.sp-334","DruzPolZb.1992-10-21.s047-04.sp-334.2",DruzPolZb.1992-10-21.s047-04.toc-item4,"taxonomy.3.6.6.2.3","topic.255","utterance","Hvala. Gospod Kolešnik."
"parl.DruzPolZb","seja",47,"1992-10-21","11:05:00","13:35:00","",0,"DruzPolZb.1992-10-21.s047-04.sp-335","DruzPolZb.1992-10-21.s047-04.sp-335.1",DruzPolZb.1992-10-21.s047-04.toc-item4,"","","speaker","CIRIL KOLEŠNIK:"
"parl.DruzPolZb","seja",47,"1992-10-21","11:05:00","13:35:00","KolesnikCiril",0,"DruzPolZb.1992-10-21.s047-04.sp-335","DruzPolZb.1992-10-21.s047-04.sp-335.2",DruzPolZb.1992-10-21.s047-04.toc-item4,"taxonomy.3.6.6.2.3","topic.255","utterance","Spoštovani! Zanimivo je bilo poslušati vse razpravljalce, posebno gospoda Kopača. Jaz se mu zahvaljujem za čudovit strokovni prikaz, predavanje, kako se rešijo kontaminirane banke, zdebelijo brez posebnega napora, muke nekontaminirane banke in potopi potapljajoče gospodarstvo, tisti, ki še niso v fazi potapljanja, se pahnejo v to fazo. Ti nesrečniki morajo potem v vodi loviti plavajoče rešilne pasove, čitaj in razumi - proračune. To je danes stanje. Lahko bi ga opisal morda tudi na ta način. Danes je več kot jasno, da te podivjane bolezni, ki se ji reče obrestna mera, ne morejo obvladati očitno ne zdravniki klasične medicine in je še bolj očitno potrebna alternativna medicina in pa zelo preprost ukrep: iz postelj je potrebno nagnati ali celo spoditi tiste zdrave, ki so se ulegli zraven bolnih."
"parl.DruzPolZb","seja",47,"1992-10-21","11:05:00","13:35:00","KolesnikCiril",0,"DruzPolZb.1992-10-21.s047-04.sp-335","DruzPolZb.1992-10-21.s047-04.sp-335.3",DruzPolZb.1992-10-21.s047-04.toc-item4,"taxonomy.3.6.6.2.3","topic.255","utterance","Dejstvo je, da gospod Kopač in ostali, gospod Debeljak, govorijo o stroki in nam seveda te izsledke stroke danes hočejo prikazati kot edine, ki lahko rešijo ta problem. Vendar ta stroka je bila že pred leti. Morda, ne vem, to bodo tudi povedali ti, ki danes stojijo za to stroko, kaj je ta stroka v preteklosti naredila. Če gledam na stanje, je naredila malo, kajti verjetno je ta ista stroka zadevo pripeljala do tega absurda, v katerem smo danes."
"parl.DruzPolZb","seja",47,"1992-10-21","11:05:00","13:35:00","KolesnikCiril",0,"DruzPolZb.1992-10-21.s047-04.sp-335","DruzPolZb.1992-10-21.s047-04.sp-335.4",DruzPolZb.1992-10-21.s047-04.toc-item4,"taxonomy.3.6.6.2.3","topic.255","utterance","Zato stojim in podpiram predlog, podlago, ki jo je predstavil gospod Halb, namreč, da nam je bistveno, da rešujemo gospodarstvo, ne pa izhodišče, da rešujemo banke in ne vse banke. Gre za dejstvo, da so danes nasprotniki omejitve oziroma omejene obrestne mere tisti, ki zagovarjajo rešitev Ljubljanske banke, recimo, ali pa tistih bank, ki imajo kontaminirane plasmaje. To pomeni, da bi lahko v tem trenutku, ker pa ni boljšega, ker to kar vlada danes predlaga, je veliko premalo, da bi to bila garancija za jutri, da bodo ukrepi, ki jih predlaga vlada, znižali obrestno mero. Nobene garancije ni."
"parl.DruzPolZb","seja",47,"1992-10-21","11:05:00","13:35:00","KolesnikCiril",0,"DruzPolZb.1992-10-21.s047-04.sp-335","DruzPolZb.1992-10-21.s047-04.sp-335.5",DruzPolZb.1992-10-21.s047-04.toc-item4,"taxonomy.3.6.6.2.3","topic.255","utterance","Kolikor se spomnimo, smo že imeli neke poskuse sanacije bank, vendar očitno nihče do danes ni uspel. Ker danes smo zopet pred novo sanacijo bank. Kdo nam pa jutri garantira, da bo ta sanacija, ki je tako zastavljena, kot o njej govori predstavnik vlade in še gospod Kopač, da bo jutri ta sanacija uspela, da ne bomo jutri zopet pred dejstvom, da smo nekaj sanirali, kar je potrebno nove sanacije?"
"parl.DruzPolZb","seja",47,"1992-10-21","11:05:00","13:35:00","KolesnikCiril",0,"DruzPolZb.1992-10-21.s047-04.sp-335","DruzPolZb.1992-10-21.s047-04.sp-335.6",DruzPolZb.1992-10-21.s047-04.toc-item4,"taxonomy.3.6.6.2.3","topic.255","utterance","Torej zaradi tega, ker ni nobenega zagotovila, tudi ta scenarij, katerega v obupu predstavlja gospod Kopač, ne zagotavlja in ne daje nobene realne osnove, da bi lahko proti zakonu glasovali, sem za ta zakon. Ker boljšega v tem trenutku ni. Če rešuje tudi posledice, je v tem trenutku osnovno, da rešimo vprašanje gospodarstva. Ta zakon je lahko prisila, da se vlada resnično zavzame in naredi takšne predloge, ki bodo resnično rešili problem, problem bančnega sistema. Če je to res, potem je verjetno res tudi to, kar gospod Kopač govori, ker niti gospod namestnik ministra ni o tem spregovoril, da v bistvu, kaj moramo ali kaj bo storila vlada s tistim delom teh ekstremnih zaslužkov na obrestni meri, ki jih dobivajo zdravi. Danes smo govorili, da bomo tolerirali to obrestno mero oziroma, da bomo zniževali obrestno mero tako, da bomo sprejeli zakon o sanaciji. Kaj pa s temi do sedaj pridobljenimi sredstvi, ki so jih pridobile banke na račun visoke obrestne mere, pa nimajo kontaminiranih plasmajev?"
"parl.DruzPolZb","seja",47,"1992-10-21","11:05:00","13:35:00","KolesnikCiril",0,"DruzPolZb.1992-10-21.s047-04.sp-335","DruzPolZb.1992-10-21.s047-04.sp-335.7",DruzPolZb.1992-10-21.s047-04.toc-item4,"taxonomy.3.6.6.2.3","topic.255","utterance","To so tista vprašanja, na katere je vlada dolžna odgovoriti. Dokler tega odgovora ni, podpiram predlog zakona, kakršenkoli je že. Ker osnovna predpostavka je, rešiti vprašanje gospodarstva. Drugo vprašanje pa je, kako rešiti problem bank oziroma sanirati banke. Hvala lepa."
"parl.DruzPolZb","seja",47,"1992-10-21","11:05:00","13:35:00","",0,"DruzPolZb.1992-10-21.s047-04.sp-336","DruzPolZb.1992-10-21.s047-04.sp-336.1",DruzPolZb.1992-10-21.s047-04.toc-item4,"","","speaker","PREDSEDNIK DR. LUDVIK TOPLAK:"
"parl.DruzPolZb","seja",47,"1992-10-21","11:05:00","13:35:00","ToplakLudvik1942",1,"DruzPolZb.1992-10-21.s047-04.sp-336","DruzPolZb.1992-10-21.s047-04.sp-336.2",DruzPolZb.1992-10-21.s047-04.toc-item4,"taxonomy.3.6.6.2.3","topic.255","utterance","Hvala lepa. S tem so razprave izčrpane. Repliko želi gospod Kopač in predstavnik vlade."
"parl.DruzPolZb","seja",47,"1992-10-21","11:05:00","13:35:00","",0,"DruzPolZb.1992-10-21.s047-04.sp-337","DruzPolZb.1992-10-21.s047-04.sp-337.1",DruzPolZb.1992-10-21.s047-04.toc-item4,"","","speaker","JANEZ KOPAČ:"
"parl.DruzPolZb","seja",47,"1992-10-21","11:05:00","13:35:00","KopacJanez1961",0,"DruzPolZb.1992-10-21.s047-04.sp-337","DruzPolZb.1992-10-21.s047-04.sp-337.2",DruzPolZb.1992-10-21.s047-04.toc-item4,"taxonomy.3.6.6.2.3","topic.255","utterance","Hvala lepa za besedo. Najprej, kaj se misli storiti z neupravičeno pridobljenim dobičkom zaradi privilegiranega položaja, preberite program Liberalno demokratske stranke. Ampak, to naj bo samo za uvod ali za smešnico."
"parl.DruzPolZb","seja",47,"1992-10-21","11:05:00","13:35:00","KopacJanez1961",0,"DruzPolZb.1992-10-21.s047-04.sp-337","DruzPolZb.1992-10-21.s047-04.sp-337.3",DruzPolZb.1992-10-21.s047-04.toc-item4,"taxonomy.3.6.6.2.3","topic.255","utterance","Drugače bi rad odgovoril na naslednja vprašanja. Mnogi ste izpostavljali problem gospodarstva. Trdim, da ni druge poti za pomoč temu gospodarstvu, kot je sanacija bank. Ker samo s sanacijo bank se lahko znižajo obrestne mere, drugače se ne morejo."
"parl.DruzPolZb","seja",47,"1992-10-21","11:05:00","13:35:00","KopacJanez1961",0,"DruzPolZb.1992-10-21.s047-04.sp-337","DruzPolZb.1992-10-21.s047-04.sp-337.4",DruzPolZb.1992-10-21.s047-04.toc-item4,"taxonomy.3.6.6.2.3","topic.255","utterance","Druga možnost je in tisto je nakazal gospod Pregelj, da se ukine vse slovenske banke in se noter spusti tuje banke. Potem ne rabimo več nobene suverenosti, lahko jo imamo na papirju, v življenju pa ne. Samo ti dve poti sta poti za znižanje obrestnih mer."
"parl.DruzPolZb","seja",47,"1992-10-21","11:05:00","13:35:00","KopacJanez1961",0,"DruzPolZb.1992-10-21.s047-04.sp-337","DruzPolZb.1992-10-21.s047-04.sp-337.5",DruzPolZb.1992-10-21.s047-04.toc-item4,"taxonomy.3.6.6.2.3","topic.255","utterance","Gospod Kolešnik je rekel, da bo podprl ta zakon, ne glede na to kakšen je, ali je dober ali slab, samo zato, ker bo to nek napredek. Ne bo napredek. Vprašajte svoje kolege, gospoda Schwarzbartla, gospoda Goljo, gospoda Tomažiča, gospoda Boštjančiča in še koga, ki skupaj sedimo v upravnem odboru sklada za razvoj malega gospodarstva in vam povem izkušnjo iz tega sklada. Sklad se je odločil, da ne bo več dajal garancij za kredite, ki jih najemajo mali gospodarstveniki od bank, torej za kredite, ki bodo presegali, mislim, da je bil limit 15% realno obrestno mero. In kaj se je zgodilo? Imeli smo že v obdelavi nekaj teh prošenj in nekaj je bilo že celo odobrenih, kjer so bile obrestne mere 18, 20% in naslednji teden, so vsi prinesli od bank soglasje, da bodo banke znižale tisto obrestno mero na 15%. In smo si rekli, če gre pa to tako lahko, potem pa dajmo reči 12%. Kmalu potem je gospod Brezar, direktor tega sklada, nekdanji minister za drobno gospodarstvo, ko je sklepal pogodbe s posameznimi kreditojemalci, ugotovil naslednje: banke so z lahkoto naredile tisto, kar sem napovedal prej da se bo zgodilo, če bo ta zakon sprejet. Znižale so obrestno mero, lahko bi jo celo znižale na nič, vendar so si skozi druge instrumente dobile nazaj točno tisto, kar so prej hotele. Torej z obveznim depozitom in s posebno tarifo. Skratka, kar se tega tiče, da zakon ne bo nič pomagal. Temu gospodarstvu ta zakon ne bo pomagal niti za en tolar."
"parl.DruzPolZb","seja",47,"1992-10-21","11:05:00","13:35:00","",0,"DruzPolZb.1992-10-21.s047-04.sp-338","DruzPolZb.1992-10-21.s047-04.sp-338.1",DruzPolZb.1992-10-21.s047-04.toc-item4,"","","speaker","PREDSEDNIK DR. LUDVIK TOPLAK:"
"parl.DruzPolZb","seja",47,"1992-10-21","11:05:00","13:35:00","ToplakLudvik1942",1,"DruzPolZb.1992-10-21.s047-04.sp-338","DruzPolZb.1992-10-21.s047-04.sp-338.2",DruzPolZb.1992-10-21.s047-04.toc-item4,"taxonomy.3.6.6.2.3","topic.255","utterance","Moram opozoriti, da je poteklo šest minut."
"parl.DruzPolZb","seja",47,"1992-10-21","11:05:00","13:35:00","",0,"DruzPolZb.1992-10-21.s047-04.sp-339","DruzPolZb.1992-10-21.s047-04.sp-339.1",DruzPolZb.1992-10-21.s047-04.toc-item4,"","","speaker","JANEZ KOPAČ:"
"parl.DruzPolZb","seja",47,"1992-10-21","11:05:00","13:35:00","KopacJanez1961",0,"DruzPolZb.1992-10-21.s047-04.sp-339","DruzPolZb.1992-10-21.s047-04.sp-339.2",DruzPolZb.1992-10-21.s047-04.toc-item4,"taxonomy.3.6.6.2.3","topic.255","utterance","Že spet. Gospod Zagožen je v svoji strpni diskusiji, za katero se mu zahvaljujem, omenil, da se strinja ali da se ne strinja z eno od treh trditev, ki sem jih postavil jaz in ta je, da vzroke ne odpravlja ta zakon. (Bom vse skupaj skrajšal.)"
"parl.DruzPolZb","seja",47,"1992-10-21","11:05:00","13:35:00","KopacJanez1961",0,"DruzPolZb.1992-10-21.s047-04.sp-339","DruzPolZb.1992-10-21.s047-04.sp-339.3",DruzPolZb.1992-10-21.s047-04.toc-item4,"taxonomy.3.6.6.2.3","topic.255","utterance","Gospodu Halbu moram reči, da je podel in da je njegova izjava, da se brigam samo za Ljubljansko banko."
"parl.DruzPolZb","seja",47,"1992-10-21","11:05:00","13:35:00","",0,"DruzPolZb.1992-10-21.s047-04.sp-340","DruzPolZb.1992-10-21.s047-04.sp-340.1",DruzPolZb.1992-10-21.s047-04.toc-item4,"","","speaker","PREDSEDNIK DR.LUDVIK TOPLAK:"
"parl.DruzPolZb","seja",47,"1992-10-21","11:05:00","13:35:00","ToplakLudvik1942",1,"DruzPolZb.1992-10-21.s047-04.sp-340","DruzPolZb.1992-10-21.s047-04.sp-340.2",DruzPolZb.1992-10-21.s047-04.toc-item4,"taxonomy.3.6.6.2.3","topic.255","utterance","Takoj moram, če sem prav razumel."
"parl.DruzPolZb","seja",47,"1992-10-21","11:05:00","13:35:00","",0,"DruzPolZb.1992-10-21.s047-04.sp-341","DruzPolZb.1992-10-21.s047-04.sp-341.1",DruzPolZb.1992-10-21.s047-04.toc-item4,"","","speaker","Kopač:"
"parl.DruzPolZb","seja",47,"1992-10-21","11:05:00","13:35:00","KopacJanez1961",0,"DruzPolZb.1992-10-21.s047-04.sp-341","DruzPolZb.1992-10-21.s047-04.sp-341.2",DruzPolZb.1992-10-21.s047-04.toc-item4,"taxonomy.3.6.6.2.3","topic.255","utterance","Prav ste razumeli.),"
"parl.DruzPolZb","seja",47,"1992-10-21","11:05:00","13:35:00","ToplakLudvik1942",1,"DruzPolZb.1992-10-21.s047-04.sp-342","DruzPolZb.1992-10-21.s047-04.sp-342.1",DruzPolZb.1992-10-21.s047-04.toc-item4,"taxonomy.3.6.6.2.3","topic.255","utterance","Moram dati opomin. Prosim, nobenih osebnih žalitev. Prosim, moram opozoriti, nobenih osebnih žalitev cenjenih kolegov."
"parl.DruzPolZb","seja",47,"1992-10-21","11:05:00","13:35:00","",0,"DruzPolZb.1992-10-21.s047-04.sp-343","DruzPolZb.1992-10-21.s047-04.sp-343.1",DruzPolZb.1992-10-21.s047-04.toc-item4,"","","speaker","JANEZ KOPAČ:"
"parl.DruzPolZb","seja",47,"1992-10-21","11:05:00","13:35:00","KopacJanez1961",0,"DruzPolZb.1992-10-21.s047-04.sp-343","DruzPolZb.1992-10-21.s047-04.sp-343.2",DruzPolZb.1992-10-21.s047-04.toc-item4,"taxonomy.3.6.6.2.3","topic.255","utterance","Dr. Toplak! Ko je doktor Halb izrekel hudo žalitev na moj račun, ko je gospod Halb rekel - lahko mu rečem doktor, ker veliko teoretizira, tako kot je to nekoč Darja Lavtižar Bebler rekla za gospoda Feltrina - ko je on izrekel hudo žalitev na moj račun, niste intervenirali. Rekel je naslednje (mislim, da bo sam potrdil): da gre meni samo za reševanje Ljubljanske banke. Ni res, meni se gre za reševanje bančnega sistema, katerega večji del predstavljajo stare banke, ki imajo del kontaminiranih plasmajev. Še enkrat ponavljam. Imamo samo dve opciji: eno je da ukinemo banke in spustimo noter tuje in nam suverenost ne pomaga nič in druga je, da ozdravimo obstoječe banke. In pri bančnem sistemu je treba zdraviti banke na počez, ne pa ene pustiti, da propadejo, ena pa ne."
"parl.DruzPolZb","seja",47,"1992-10-21","11:05:00","13:35:00","",0,"DruzPolZb.1992-10-21.s047-04.sp-344","DruzPolZb.1992-10-21.s047-04.sp-344.1",DruzPolZb.1992-10-21.s047-04.toc-item4,"","","speaker","PREDSEDNIK DR. LUDVIK TOPLAK:"
"parl.DruzPolZb","seja",47,"1992-10-21","11:05:00","13:35:00","ToplakLudvik1942",1,"DruzPolZb.1992-10-21.s047-04.sp-344","DruzPolZb.1992-10-21.s047-04.sp-344.2",DruzPolZb.1992-10-21.s047-04.toc-item4,"taxonomy.3.6.6.2.3","topic.255","utterance","Poteklo je osem minut za repliko."
"parl.DruzPolZb","seja",47,"1992-10-21","11:05:00","13:35:00","",0,"DruzPolZb.1992-10-21.s047-04.sp-345","DruzPolZb.1992-10-21.s047-04.sp-345.1",DruzPolZb.1992-10-21.s047-04.toc-item4,"","","speaker","JANEZ KOPAČ:"
"parl.DruzPolZb","seja",47,"1992-10-21","11:05:00","13:35:00","KopacJanez1961",0,"DruzPolZb.1992-10-21.s047-04.sp-345","DruzPolZb.1992-10-21.s047-04.sp-345.2",DruzPolZb.1992-10-21.s047-04.toc-item4,"taxonomy.3.6.6.2.3","topic.255","utterance","Ne vem, če se sploh še splača hoditi gor. Poudaril bi samo to. Mogoče sem nor, ker skušam s strokovnega vidika povedati, da je ta zakon nesmiseln. Dosti razprav je šlo na to, da je zakon pravzaprav bolj političen, da je opozorilo vladi, češ da bo nekaj naredila, da ne dela dosti itd. Jaz bi rekel to: Prosim, če vas ne prepričajo strokovni argumenti, potem imejte v vidu geslo, ki ga je nekoč napisal dr.Oblak - Hamurabi - denar je preresna zadeva, da bi jo prepustili politikom. Hvala zeankrat."
"parl.DruzPolZb","seja",47,"1992-10-21","11:05:00","13:35:00","",0,"DruzPolZb.1992-10-21.s047-04.sp-346","DruzPolZb.1992-10-21.s047-04.sp-346.1",DruzPolZb.1992-10-21.s047-04.toc-item4,"","","speaker","PREDSEDNIK DR. LUDVIK TOPLAK:"
"parl.DruzPolZb","seja",47,"1992-10-21","11:05:00","13:35:00","ToplakLudvik1942",1,"DruzPolZb.1992-10-21.s047-04.sp-346","DruzPolZb.1992-10-21.s047-04.sp-346.2",DruzPolZb.1992-10-21.s047-04.toc-item4,"taxonomy.3.6.6.2.3","topic.255","utterance","Hvala. S tem smo zaključili razpravo. Želi še v imenu banke kdo? Oba. Prosim, Andrej Rant, predstavnik Banke Slovenije."
"parl.DruzPolZb","seja",47,"1992-10-21","11:05:00","13:35:00","",0,"DruzPolZb.1992-10-21.s047-04.sp-347","DruzPolZb.1992-10-21.s047-04.sp-347.1",DruzPolZb.1992-10-21.s047-04.toc-item4,"","","speaker","ANDREJ RANT:"
"parl.DruzPolZb","seja",47,"1992-10-21","11:05:00","13:35:00","RantAndrej",0,"DruzPolZb.1992-10-21.s047-04.sp-347","DruzPolZb.1992-10-21.s047-04.sp-347.2",DruzPolZb.1992-10-21.s047-04.toc-item4,"taxonomy.3.6.6.2.3","topic.255","utterance","Spoštovani predsednik, spoštovane poslanke in poslanci! Dovolite, da vam vzamem še nekaj minut v okviru razprave zakona o obrestni meri, ki je predložen, da nekoliko osvetlim, kaj tak zakon pomeni z vidika delovanja Banke Slovenije. Mislim, da nihče izmed prisotnih in razpravljalcev ne dvomi v to, da so obrestne mere problem. Osnovna razlika je v pristopu, kako ta problem rešiti. Če gledam z vidika denarne politike in v tem okviru tudi poslovanja s tujino, lahko ugotavljam, da smo v enem letu dosegli de facto konvertibilnost v poslovanju s tujino na principu denarne politike, ki kontrolira likvidnost in temelji svoj instrumentarij na tržnem poseganju v likvidnost bank in tudi na tržnem poseganju v jemanju te likvidnosti iz obtoka."
"parl.DruzPolZb","seja",47,"1992-10-21","11:05:00","13:35:00","RantAndrej",0,"DruzPolZb.1992-10-21.s047-04.sp-347","DruzPolZb.1992-10-21.s047-04.sp-347.3",DruzPolZb.1992-10-21.s047-04.toc-item4,"taxonomy.3.6.6.2.3","topic.255","utterance","Ta zakon v taki obliki, v kakršni je predložen, tak pristop in tako politiko direktno ogroža; direktno posega v instrumentarij, ki ga trenutno poznamo v Banki Slovenije, ne samo na aktivni strani, ampak predvsem tudi na pasivni strani. Veste, da smo z instrumentom, tako imenovanim dvojčkom, ki smo ga uveljavili v poletnih mesecih, zelo uspešno uravnovesili stran dajanja denarja v obtok in s potrebo po jemanju denarja iz obtoka."
"parl.DruzPolZb","seja",47,"1992-10-21","11:05:00","13:35:00","",0,"DruzPolZb.1992-10-21.s047-04.sp-348","DruzPolZb.1992-10-21.s047-04.sp-348.1",DruzPolZb.1992-10-21.s047-04.toc-item4,"","","speaker","PREDSEDNIK DR. LUDVIK TOPLAK:"
"parl.DruzPolZb","seja",47,"1992-10-21","11:05:00","13:35:00","ToplakLudvik1942",1,"DruzPolZb.1992-10-21.s047-04.sp-348","DruzPolZb.1992-10-21.s047-04.sp-348.2",DruzPolZb.1992-10-21.s047-04.toc-item4,"taxonomy.3.6.6.2.3","topic.255","utterance","Samo malo prosim. Banka Slovenije k tej točki niti ni vabljena. Samo konkretno stališče, da ne bi obnavljali stvari, ki so že bile tudi, če ne moramo prekiniti zaradi odmora."
"parl.DruzPolZb","seja",47,"1992-10-21","11:05:00","13:35:00","",0,"DruzPolZb.1992-10-21.s047-04.sp-349","DruzPolZb.1992-10-21.s047-04.sp-349.1",DruzPolZb.1992-10-21.s047-04.toc-item4,"","","speaker","ANDREJ RANT:"
"parl.DruzPolZb","seja",47,"1992-10-21","11:05:00","13:35:00","RantAndrej",0,"DruzPolZb.1992-10-21.s047-04.sp-349","DruzPolZb.1992-10-21.s047-04.sp-349.2",DruzPolZb.1992-10-21.s047-04.toc-item4,"taxonomy.3.6.6.2.3","topic.255","utterance","Moram povedati, da so nas iz skupščine povabili na to razpravo. Bom skušal skrajšati razpravo."
"parl.DruzPolZb","seja",47,"1992-10-21","11:05:00","13:35:00","RantAndrej",0,"DruzPolZb.1992-10-21.s047-04.sp-349","DruzPolZb.1992-10-21.s047-04.sp-349.3",DruzPolZb.1992-10-21.s047-04.toc-item4,"taxonomy.3.6.6.2.3","topic.255","utterance","Ta zakon omejuje aktivnost Banke Slovenije na en instrument izmed dveh ključnih, se pravi tečaja in obresti. Vrže vse na tečaj in v konceptu tečajne politike spreminja tisto, kar se je dosedaj izkazalo za uspešno. Mi bomo ob takem zakonu lahko ugotavljali, da z nihanjem tečaja kompenziramo tisto, kar se bo sicer dogajalo v monetarni politiki in kar smo doslej kompenzirali z drugimi instrumenti, kar je v direktnem nasprotju tudi z zakonom o Banki Slovenije in njegovim 2. členom, ki govori o skrbi Banke Slovenije za stabilnost valute. Vodi v vsesplošni indeksacijo in v povečevanje inflacijskih pričakovanj, od katerih smo se s težavo odlepili in ki nedvomno ne prispevajo k temu, da bi se naša ekonomija in z njo naš bančni sistem stablizirali."
"parl.DruzPolZb","seja",47,"1992-10-21","11:05:00","13:35:00","RantAndrej",0,"DruzPolZb.1992-10-21.s047-04.sp-349","DruzPolZb.1992-10-21.s047-04.sp-349.4",DruzPolZb.1992-10-21.s047-04.toc-item4,"taxonomy.3.6.6.2.3","topic.255","utterance","Zato je naše stališče do tega zakona negativno. Govorim vam pa o tem več zaradi tega, ker ko boste ocenjevali uspešnost politike Banke Slovenije, skozi njeno poročilo za leto 1992, potem boste morali upoštevati tudi objektivne okoliščine, v katerih je banka tako politiko lahko izvajala in med te objektivne okoliščine sodi tudi ta zakon. Hvala"
"parl.DruzPolZb","seja",47,"1992-10-21","11:05:00","13:35:00","",0,"DruzPolZb.1992-10-21.s047-04.sp-350","DruzPolZb.1992-10-21.s047-04.sp-350.1",DruzPolZb.1992-10-21.s047-04.toc-item4,"","","speaker","PREDSEDNIK DR.LUDVIK TOPLAK:"
"parl.DruzPolZb","seja",47,"1992-10-21","11:05:00","13:35:00","ToplakLudvik1942",1,"DruzPolZb.1992-10-21.s047-04.sp-350","DruzPolZb.1992-10-21.s047-04.sp-350.2",DruzPolZb.1992-10-21.s047-04.toc-item4,"taxonomy.3.6.6.2.3","topic.255","utterance","Hvala lepa. Še gospod Deželak, pardon, Debeljak. Ugotovimo navzočnost! V dvorani nas je 40 ali 41. Ugotovimo navzočnost! Pri kom ne gori lučka, naj preveri? V dvorani nas je 40."
"parl.DruzPolZb","seja",47,"1992-10-21","11:05:00","13:35:00","",0,"DruzPolZb.1992-10-21.s047-04.sp-351","DruzPolZb.1992-10-21.s047-04.sp-351.1",DruzPolZb.1992-10-21.s047-04.toc-item4,"","","speaker","STANKO DEBELJAK:"
"parl.DruzPolZb","seja",47,"1992-10-21","11:05:00","13:35:00","DebeljakStanko",0,"DruzPolZb.1992-10-21.s047-04.sp-351","DruzPolZb.1992-10-21.s047-04.sp-351.2",DruzPolZb.1992-10-21.s047-04.toc-item4,"taxonomy.3.6.6.2.3","topic.255","utterance","Gospod predsednik, bom zelo kratek. Mislim, da gre za težak strokovni problem, ki ga je treba strokovno rešiti. Tega problema se je zavedala vlada junija, ko je predlagala zakon o razreševanju problema deviznih hranilnih vlog, to je bilo junija lani, ko smo dali v obravnavo zakon o bankah in hranilnicah, zakon o Banki Slovenije, zakon o predsanaciji, sanaciji in zakon agencije za sanacijo. To pomeni takoj z denarnim sistemom je bil pripravljen sistem sanacije bančnega sistema, ker je nedonosna aktiva bank eden od osnovnih razlogov za tako visoke obrestne mere. Nova vlada je julija meseca letos ta zakon ponovno poslala v obravnavo in ob tem zakonu poslala v obravnavo tudi zakon o garancijah za obveznice, ki jih bo izdala Agencija za sanacijo bank. Iz tega lahko zaključujem, da se tako pozicija kot opozicija zavedata problema sanacije bank in strokovno pristopata k razreševanju teh problemov."
"parl.DruzPolZb","seja",47,"1992-10-21","11:05:00","13:35:00","DebeljakStanko",0,"DruzPolZb.1992-10-21.s047-04.sp-351","DruzPolZb.1992-10-21.s047-04.sp-351.3",DruzPolZb.1992-10-21.s047-04.toc-item4,"taxonomy.3.6.6.2.3","topic.255","utterance","Mislim, da ima gospod Zagožen prav ko pravi, da je potrebno, da se angažiramo v skupščini, da se v skupščini za obravnavo in sprejem teh dveh zakonov vlada angažira in zato je tudi dogovorjeno, da ko bodo te točke na dnevnem redu, bo prišel na skupščino predstavnik Agencije za sanacijo bank, kjer bo obrazložil sanacijski program bank in postopek sanacije bank, ker na ta način bomo lahko prišli, ne takoj, ampak v določenem obdobju, do zaželenih rezultatov."
"parl.DruzPolZb","seja",47,"1992-10-21","11:05:00","13:35:00","DebeljakStanko",0,"DruzPolZb.1992-10-21.s047-04.sp-351","DruzPolZb.1992-10-21.s047-04.sp-351.4",DruzPolZb.1992-10-21.s047-04.toc-item4,"taxonomy.3.6.6.2.3","topic.255","utterance","Reči moram, da je v tem programu tudi predvideno, da bodo tiste banke, ki bodo prišle v sanacijo, morale poleg drugega tudi znižati obrestno mero, ker jim bo država s tem, ko bo prevzela slabo aktivo, povečala donosnost njihove aktive in bodo morale iti z obrestnimi merami navzdol. Tu je tista garancija o kateri je bilo postavljeno vprašanje, ali se bodo obresti znižale ali ne, tako kot je gospod Kolešnik rekel."
"parl.DruzPolZb","seja",47,"1992-10-21","11:05:00","13:35:00","DebeljakStanko",0,"DruzPolZb.1992-10-21.s047-04.sp-351","DruzPolZb.1992-10-21.s047-04.sp-351.5",DruzPolZb.1992-10-21.s047-04.toc-item4,"taxonomy.3.6.6.2.3","topic.255","utterance","To, kar je gospod Pregelj rekel, da meni, da je sanacija bank potrebna, drži. Ne morem pa reči tega, da bomo s tem, ko bomo ta zakon sprejeli, pa začeli s sanacijo bank. Mi bomo samo navidezno, navzven prisilili banke, da v pogodbe dajejo nižje obrestne mere, skozi druge načine pa bodo razliko od obrestnih mer pokrile. To pomeni, da spravljamo smeti pod tepih, ne pa da čistimo sobo."
"parl.DruzPolZb","seja",47,"1992-10-21","11:05:00","13:35:00","DebeljakStanko",0,"DruzPolZb.1992-10-21.s047-04.sp-351","DruzPolZb.1992-10-21.s047-04.sp-351.6",DruzPolZb.1992-10-21.s047-04.toc-item4,"taxonomy.3.6.6.2.3","topic.255","utterance","In zato še enkrat pravim: edina in prava rešitev za razrešitev problema obrestnih mer je čimprejšnji pristop k sanaciji bank, in to vseh bank, ne samo Ljubljanske banke, tistih bank, ki imajo slabo aktivo; teh je pa veliko. Hvala."
"parl.DruzPolZb","seja",47,"1992-10-21","11:05:00","13:35:00","",0,"DruzPolZb.1992-10-21.s047-04.sp-352","DruzPolZb.1992-10-21.s047-04.sp-352.1",DruzPolZb.1992-10-21.s047-04.toc-item4,"","","speaker","PREDSEDNIK DR.LUDVIK TOPLAK:"
"parl.DruzPolZb","seja",47,"1992-10-21","11:05:00","13:35:00","ToplakLudvik1942",1,"DruzPolZb.1992-10-21.s047-04.sp-352","DruzPolZb.1992-10-21.s047-04.sp-352.2",DruzPolZb.1992-10-21.s047-04.toc-item4,"taxonomy.3.6.6.2.3","topic.255","utterance","Hvala lepa. Če ne, samo dve minuti. Moram odgovoriti na nekaj stvari gospodu Debeljaku."
"parl.DruzPolZb","seja",47,"1992-10-21","11:05:00","13:35:00","",0,"DruzPolZb.1992-10-21.s047-04.sp-353","DruzPolZb.1992-10-21.s047-04.sp-353.1",DruzPolZb.1992-10-21.s047-04.toc-item4,"","","speaker","DR. LUDVIK TOPLAK:"
"parl.DruzPolZb","seja",47,"1992-10-21","11:05:00","13:35:00","ToplakLudvik1942",1,"DruzPolZb.1992-10-21.s047-04.sp-353","DruzPolZb.1992-10-21.s047-04.sp-353.2",DruzPolZb.1992-10-21.s047-04.toc-item4,"taxonomy.3.6.6.2.3","topic.255","utterance","Sklep našega zbora glasi: ""Vlada Republike Slovenije naj v roku enega meseca pripravi in Skupščini Republike Slovenije predloži predlog za izdajo zakona o obrestni meri z osnutkom zakona, ki bo vključeval tako redne kot zamudne obresti."" Tega vlada ni storila. Z vlado smo sodelovali, vlada je bila povabljena k vsem oblikam v vseh fazah sodelovanja pri pripravi predloga; s tem, da strokovno mnenje strokovnih služb posebej poudarja distinkcijo med v sodelovanju z vlado ali skupaj z vlado. Če gre za sodelovanje z vlado potem je pač v odvisnosti od dobre volje sodelovanja z vlado, ni pa nujno, da se predlog skupaj pripravi."
"parl.DruzPolZb","seja",47,"1992-10-21","11:05:00","13:35:00","ToplakLudvik1942",1,"DruzPolZb.1992-10-21.s047-04.sp-353","DruzPolZb.1992-10-21.s047-04.sp-353.3",DruzPolZb.1992-10-21.s047-04.toc-item4,"taxonomy.3.6.6.2.3","topic.255","utterance","Drugo. Glede pripomb gospoda Kopača glede stroke, moram reči naslednje: 400 pravnikov na enem zboru, 100 pravnikov na drugem zboru, 200 ekonomistov na tretjem zboru, 100 finančnikov na četrtem zboru, pa da ne naštevam drugih, s tem, da posamično eden ali dva sta imela pomisleke; pri tem ne delam razlike, moram reči, glede stranke. Dejstvo je, da tisti, ki posojajo denar so proti zakonu, tisti, ki pa živijo od svojega dela in si kdaj pa kdaj tudi morajo sposoditi denar, pa so za zakon."
"parl.DruzPolZb","seja",47,"1992-10-21","11:05:00","13:35:00","ToplakLudvik1942",1,"DruzPolZb.1992-10-21.s047-04.sp-353","DruzPolZb.1992-10-21.s047-04.sp-353.4",DruzPolZb.1992-10-21.s047-04.toc-item4,"taxonomy.3.6.6.2.3","topic.255","utterance","Dalje, glede regulative v zgodovini, ki jih je navajal gospod Kopač, naj samo povem to: v starem Rimu v zgodnjem suženjstvu je bila obrestna mera zakonsko omejena. Od Aristotela naprej, ko je začelo filozofsko, religiozno, mistično obdobje, zlasti krščanstva, ki potem traja do francoske revolucije, v vsem tem času je bila moralno, religiozno urejena obrestna mera oziroma praviloma prepovedana, kar je gospod Kopač omenjal. Glede tistih detajlov, ki jih našteva, v posameznih konkretnih primerih pa je stvar lokalnega - jaz bi vam lahko naštel, kako je stvar izgledala v ptujskem statutu, recimo, v XV. stoletju itd., ampak gre za konkretne stvari, ko je zgodnje meščanstvo v posameznih primerih poskušalo stvari pravno regulirati tako ali drugače. Po francoski revoluciji, ko govorimo o blagovno denarni ekonomiji, so te stvari dokaj enotne, in trdim v vseh deželah. V leksikonu, enciklopediji, ki jo omenja gospod Kopač - ki jo v Sloveniji edino jaz imam, kolikor vem, in tistih nekaj, ki sem jim jaz kopije te knjige dal, ker vsako leto izide - je navedeno praktično za vse, kot že poudarjeno, razen za Jugoslavijo. Glede drugih stvari, glede Avstrije moram reči, imam najnovejšo sodno prakso Avstrije, kjer je 16 % minus 4, to je 12 % je meja oderuštva. Dejanska obrestna mera v Avstriji pa je, imam slučajno tukaj, od 3,5 % do 9 % izjemoma. Takole. Tako izgledajo stvari v praksi, da se ne bi kaj dosti zavajali."
"parl.DruzPolZb","seja",47,"1992-10-21","11:05:00","13:35:00","ToplakLudvik1942",1,"DruzPolZb.1992-10-21.s047-04.sp-353","DruzPolZb.1992-10-21.s047-04.sp-353.5",DruzPolZb.1992-10-21.s047-04.toc-item4,"taxonomy.3.6.6.2.3","topic.255","utterance","Glede tiste navedbe, da je npr. na Švedskem na 500 % bila obrestna mera določena čez noč, pa naj povem: ko je bilo prejšnji četrtek v zboru občin to navedeno, me pokliče novinarka direktno pred radio Val 202 in mi to vprašanje postavi. Jaz sem bil nekoliko v zadregi. Sicer sem slišal, pa nisem verjel. Navedba. Takoj zatem sem poklical po telefonu prijatelja odvetnika v Stockholm in mi je povedal: Ja, to ni obrestna mera. To je eskontna stopnja, to je kazen za tiste poslovne banke, ki ponoči pridejo iz špekulativnih razlogov, ko slišijo, da nekje valuta niha na svetovnem trgu, pa pridejo ponoči v negativo, v negativno stanje na svojem računu pri centralni banki, te iste se kaznujejo, ampak ne na 500 % ampak za 500 % je poskočila ne obrestna ampak eskontna stopnja. To pa je npr. od 6 na 30 %. Takole. Tako mi je odgovoril odvetnik iz Švedske. Jaz pričakujem še konkretne podatke."
"parl.DruzPolZb","seja",47,"1992-10-21","11:05:00","13:35:00","ToplakLudvik1942",1,"DruzPolZb.1992-10-21.s047-04.sp-353","DruzPolZb.1992-10-21.s047-04.sp-353.6",DruzPolZb.1992-10-21.s047-04.toc-item4,"taxonomy.3.6.6.2.3","topic.255","utterance","Dalje. Glede nekaterih drugih navedb ne bi šli v detajle. Jaz želim samo poudariti nekaj drugega. Res je, da gre za pomemben gospodarski projekt, gre za zelo pomemben gospodarski zakon, ki pomeni predvsem to, kar so nekateri razpravljalci tukaj poudarili, pomeni razbremenitev gospodarstva z oderuškimi obrestmi. To je tisto, kar najbolj obremenjuje naše resnično ustvarjalno gospodarstvo. Zadnjič sem s tega mesta omenjal samo primer Metalne, kjer je pred točno enim letom Metalna bila dolžna 14 milijonov na enem računu in v enem letu je ta dolg, samo ta dolg iz naslova obrestovanja obresti narasel na 40 milijonov dolarjev. Koliko je to procentov, naj vsak zase sam izračuna."
"parl.DruzPolZb","seja",47,"1992-10-21","11:05:00","13:35:00","ToplakLudvik1942",1,"DruzPolZb.1992-10-21.s047-04.sp-353","DruzPolZb.1992-10-21.s047-04.sp-353.7",DruzPolZb.1992-10-21.s047-04.toc-item4,"taxonomy.3.6.6.2.3","topic.255","utterance","Hvala lepa. Jaz bi končal. Cenjenemu zboru predlagam, da zakon izglasuje. Hvala."
"parl.DruzPolZb","seja",47,"1992-10-21","11:05:00","13:35:00","ToplakLudvik1942",1,"DruzPolZb.1992-10-21.s047-04.sp-353","DruzPolZb.1992-10-21.s047-04.sp-353.8",DruzPolZb.1992-10-21.s047-04.toc-item4,"taxonomy.3.6.6.2.3","topic.255","utterance","PREDSEDNIK DR. LUDVIK TOPLAK:"
"parl.DruzPolZb","seja",47,"1992-10-21","11:05:00","13:35:00","ToplakLudvik1942",1,"DruzPolZb.1992-10-21.s047-04.sp-353","DruzPolZb.1992-10-21.s047-04.sp-353.9",DruzPolZb.1992-10-21.s047-04.toc-item4,"taxonomy.3.6.6.2.3","topic.255","utterance","Hvala lepa. Replike ni več. Nekdo mora zaključiti. Prosim, gospod Debeljak. Prosim."
"parl.DruzPolZb","seja",47,"1992-10-21","11:05:00","13:35:00","",0,"DruzPolZb.1992-10-21.s047-04.sp-354","DruzPolZb.1992-10-21.s047-04.sp-354.1",DruzPolZb.1992-10-21.s047-04.toc-item4,"","","speaker","STANKO DEBELJAK:"
"parl.DruzPolZb","seja",47,"1992-10-21","11:05:00","13:35:00","DebeljakStanko",0,"DruzPolZb.1992-10-21.s047-04.sp-354","DruzPolZb.1992-10-21.s047-04.sp-354.2",DruzPolZb.1992-10-21.s047-04.toc-item4,"taxonomy.3.6.6.2.3","topic.255","utterance","Mislim, da je nujno, da nekaj pojasnim. Sklep se je glasil, da vlada pripravi zakon o obrestih in zakon o zamudni obrestni meri. Zakon o zamudnimi obrestni meri je pripravila in ga je tudi skupščina v marcu sprejela. Glede obresti pa menimo, da tega ni možno z zakonom urejati. Strinjamo pa se s tem, to, kar je gospod Tomažič predlagal, da se zadolži, da se v zakon o obligacijskih razmerjih napiše, katere obresti so takrat, kadar niso pogodbeno določene in kako se določajo te oderuške zamudne obresti in to smo tudi v usklajevanju z gospodom Toplakom rekli. Vsebino 1. člena tega zakona je treba spraviti v zakon o obligacijskih razmerjih, ker mi tega nimamo urejeno. Jaz sem prej citiral italijanski civilni zakonik, ki določa, da je to 10 %, če ni to pogodbeno določeno. Drugače pa velja pogodbena obrestna mera."
"parl.DruzPolZb","seja",47,"1992-10-21","11:05:00","13:35:00","DebeljakStanko",0,"DruzPolZb.1992-10-21.s047-04.sp-354","DruzPolZb.1992-10-21.s047-04.sp-354.3",DruzPolZb.1992-10-21.s047-04.toc-item4,"taxonomy.3.6.6.2.3","topic.255","utterance","To, kar sem hotel reči je pa to, da Švedska, to ni kazenska obrestna mera, to je eskontna stopnja nacionalne banke in to ni kazenska obrestna mera. Na to eskontno stopnjo se pa prilagajajo vse ostale obrestne mere v bančništvu. Se pravi eskontna stopnja je tista, ki določa višino obrestnih mer. To v nobenem primeru ni kazenska. Ne bom se več oglasil. Hvala."
"parl.DruzPolZb","seja",47,"1992-10-21","11:05:00","13:35:00","",0,"DruzPolZb.1992-10-21.s047-04.sp-355","DruzPolZb.1992-10-21.s047-04.sp-355.1",DruzPolZb.1992-10-21.s047-04.toc-item4,"","","speaker","PREDSEDNIK DR. LUDVIK TOPLAK:"
"parl.DruzPolZb","seja",47,"1992-10-21","11:05:00","13:35:00","ToplakLudvik1942",1,"DruzPolZb.1992-10-21.s047-04.sp-355","DruzPolZb.1992-10-21.s047-04.sp-355.2",DruzPolZb.1992-10-21.s047-04.toc-item4,"taxonomy.3.6.6.2.3","topic.255","utterance","Hvala lepa. To je eskontna stopnja za tip banke, ki pride v negativo na svojih računih pri centralni banki. Drugo. Takoj, samo da povem. Sklep je bil dovolj jasen s strani Družbenopolitičnega zbora. Hvala lepa. Preidemo na glasovanje. Ugotovimo navzočnost."
"parl.DruzPolZb","seja",47,"1992-10-21","11:05:00","13:35:00","",0,"DruzPolZb.1992-10-21.s047-04.sp-355","DruzPolZb.1992-10-21.s047-04.sp-355.3",DruzPolZb.1992-10-21.s047-04.toc-item4,"","","vote","42 navzočih poslancev."
"parl.DruzPolZb","seja",47,"1992-10-21","11:05:00","13:35:00","ToplakLudvik1942",1,"DruzPolZb.1992-10-21.s047-04.sp-355","DruzPolZb.1992-10-21.s047-04.sp-355.4",DruzPolZb.1992-10-21.s047-04.toc-item4,"taxonomy.3.6.6.2.3","topic.255","utterance","Proceduralno vprašanje ima gospod Kopač."
"parl.DruzPolZb","seja",47,"1992-10-21","11:05:00","13:35:00","",0,"DruzPolZb.1992-10-21.s047-04.sp-356","DruzPolZb.1992-10-21.s047-04.sp-356.1",DruzPolZb.1992-10-21.s047-04.toc-item4,"","","speaker","JANEZ KOPAČ:"
"parl.DruzPolZb","seja",47,"1992-10-21","11:05:00","13:35:00","KopacJanez1961",0,"DruzPolZb.1992-10-21.s047-04.sp-356","DruzPolZb.1992-10-21.s047-04.sp-356.2",DruzPolZb.1992-10-21.s047-04.toc-item4,"taxonomy.3.6.6.2.3","topic.255","utterance","Ne bom pojasnil glasu, pa tudi ne bom repliciral, čeprav bi imel še marsikaj reči na to, kar je bilo ravnokar povedano s strani dr. Toplaka. Rad bi povedal samo to. Ta zakon predstavlja eno"
"parl.DruzPolZb","seja",47,"1992-10-21","11:05:00","13:35:00","",0,"DruzPolZb.1992-10-21.s047-04.sp-357","DruzPolZb.1992-10-21.s047-04.sp-357.1",DruzPolZb.1992-10-21.s047-04.toc-item4,"","","speaker","Vmes predsednik Toplak:"
"parl.DruzPolZb","seja",47,"1992-10-21","11:05:00","13:35:00","ToplakLudvik1942",1,"DruzPolZb.1992-10-21.s047-04.sp-357","DruzPolZb.1992-10-21.s047-04.sp-357.2",DruzPolZb.1992-10-21.s047-04.toc-item4,"taxonomy.3.6.6.2.3","topic.255","utterance","Proceduralno."
"parl.DruzPolZb","seja",47,"1992-10-21","11:05:00","13:35:00","KopacJanez1961",0,"DruzPolZb.1992-10-21.s047-04.sp-358","DruzPolZb.1992-10-21.s047-04.sp-358.1",DruzPolZb.1992-10-21.s047-04.toc-item4,"taxonomy.3.6.6.2.3","topic.255","utterance","Ja, ja, seveda. Razlagam. Skratka, najprej proceduralno, predlagam, da se ugotovi sprejemljivost tega zakona s predhodnim glasovanjem. Mislim, da to poslovnik omogoča. Zakaj? Zato, ker je ta zakon izjemno pomemben mejnik od ustvarjanja enega normalnega tržnega gospodarstva nazaj v socialistično plansko gospodarstvo - to je moja trditev - in predstavlja izjemno obremenitev slovenskega gospodarstva z depoziti, s tarifami in podobnimi instrumenti, ki bodo nadomestili obrestno mero. Zato predlagam, da se o zakonu predhodno glasuje. Pa še to bi rekel. Zdi se mi, da je zakon celo v nasprotju z ustavo. Sicer jaz to ne znam preceniti, ampak skorajda prepričan sem, da bi v primeru ustavnega spora tudi padel."
"parl.DruzPolZb","seja",47,"1992-10-21","11:05:00","13:35:00","",0,"DruzPolZb.1992-10-21.s047-04.sp-359","DruzPolZb.1992-10-21.s047-04.sp-359.1",DruzPolZb.1992-10-21.s047-04.toc-item4,"","","speaker","PREDSEDNIK DR. LUDVIK TOPLAK:"
"parl.DruzPolZb","seja",47,"1992-10-21","11:05:00","13:35:00","ToplakLudvik1942",1,"DruzPolZb.1992-10-21.s047-04.sp-359","DruzPolZb.1992-10-21.s047-04.sp-359.2",DruzPolZb.1992-10-21.s047-04.toc-item4,"taxonomy.3.6.6.2.3","topic.255","utterance","Hvala lepa. Mislim, da je brezpredmetno, da glasujemo o uskladitvi. Glede usklajenosti z ustavo pa bo odločalo ustavno sodišče, sicer pa so stvari že danes jasne. Jaz predlagam, da preidemo na glasovanje."
"parl.DruzPolZb","seja",47,"1992-10-21","11:05:00","13:35:00","",0,"DruzPolZb.1992-10-21.s047-04.sp-359","DruzPolZb.1992-10-21.s047-04.sp-359.3",DruzPolZb.1992-10-21.s047-04.toc-item4,"taxonomy.3.6.6.2.3","topic.255","gap","Glas iz klopi - se ne razume."
"parl.DruzPolZb","seja",47,"1992-10-21","11:05:00","13:35:00","ToplakLudvik1942",1,"DruzPolZb.1992-10-21.s047-04.sp-359","DruzPolZb.1992-10-21.s047-04.sp-359.4",DruzPolZb.1992-10-21.s047-04.toc-item4,"taxonomy.3.6.6.2.3","topic.255","utterance","Prosim? Prosim, predhodno glasovanje, kdo je za predlog. O tem odločim jaz po poslovniku in odločil sem, da ugotavljamo predhodno soglasnost. Kdo je za predlog zakona? Ampak to je samo poskusno, predhodno glasovanje. Kdo je predlog zakona? Z amandmaji bomo potem glasovali konkretno."
"parl.DruzPolZb","seja",47,"1992-10-21","11:05:00","13:35:00","ToplakLudvik1942",1,"DruzPolZb.1992-10-21.s047-04.sp-359","DruzPolZb.1992-10-21.s047-04.sp-359.5",DruzPolZb.1992-10-21.s047-04.toc-item4,"taxonomy.3.6.6.2.3","topic.255","utterance","Kdor je za, naj, prosim, glasuje."
"parl.DruzPolZb","seja",47,"1992-10-21","11:05:00","13:35:00","",0,"DruzPolZb.1992-10-21.s047-04.sp-359","DruzPolZb.1992-10-21.s047-04.sp-359.6",DruzPolZb.1992-10-21.s047-04.toc-item4,"","","vote","20 poslancev."
"parl.DruzPolZb","seja",47,"1992-10-21","11:05:00","13:35:00","ToplakLudvik1942",1,"DruzPolZb.1992-10-21.s047-04.sp-359","DruzPolZb.1992-10-21.s047-04.sp-359.7",DruzPolZb.1992-10-21.s047-04.toc-item4,"taxonomy.3.6.6.2.3","topic.255","utterance","Je kdo proti?"
"parl.DruzPolZb","seja",47,"1992-10-21","11:05:00","13:35:00","",0,"DruzPolZb.1992-10-21.s047-04.sp-359","DruzPolZb.1992-10-21.s047-04.sp-359.8",DruzPolZb.1992-10-21.s047-04.toc-item4,"","","vote","8 poslancev."
"parl.DruzPolZb","seja",47,"1992-10-21","11:05:00","13:35:00","ToplakLudvik1942",1,"DruzPolZb.1992-10-21.s047-04.sp-359","DruzPolZb.1992-10-21.s047-04.sp-359.9",DruzPolZb.1992-10-21.s047-04.toc-item4,"taxonomy.3.6.6.2.3","topic.255","utterance","Se je kdo vzdržal?"
"parl.DruzPolZb","seja",47,"1992-10-21","11:05:00","13:35:00","",0,"DruzPolZb.1992-10-21.s047-04.sp-359","DruzPolZb.1992-10-21.s047-04.sp-359.10",DruzPolZb.1992-10-21.s047-04.toc-item4,"","","vote","12 poslancev."
"parl.DruzPolZb","seja",47,"1992-10-21","11:05:00","13:35:00","ToplakLudvik1942",1,"DruzPolZb.1992-10-21.s047-04.sp-359","DruzPolZb.1992-10-21.s047-04.sp-359.11",DruzPolZb.1992-10-21.s047-04.toc-item4,"taxonomy.3.6.6.2.3","topic.255","utterance","Po vsem tem, to je predhodna soglasnost. Ugotavljamo predhodno soglasnost. Mi vidimo, kako to izgleda. Pravno je to irelevantno, ampak dobro. Zdaj pa preidemo na glasovanje zares."
"parl.DruzPolZb","seja",47,"1992-10-21","11:05:00","13:35:00","ToplakLudvik1942",1,"DruzPolZb.1992-10-21.s047-04.sp-359","DruzPolZb.1992-10-21.s047-04.sp-359.12",DruzPolZb.1992-10-21.s047-04.toc-item4,"taxonomy.3.6.6.2.3","topic.255","utterance","Prvo predlagamo, ugotavljamo, da so bili vloženi ustavni amandmaji oziroma zakonski amandmaji konkretno k 1. členu, kjer se predlaga, da se v 1. členu v prvem odstavku za besedo ""ureja"" doda beseda ""letno"" in besedo ""obveznosti"" nadomesti z besedo ""dajatve"". Gre za čisto redakcijsko zadevo."
"parl.DruzPolZb","seja",47,"1992-10-21","11:05:00","13:35:00","ToplakLudvik1942",1,"DruzPolZb.1992-10-21.s047-04.sp-359","DruzPolZb.1992-10-21.s047-04.sp-359.13",DruzPolZb.1992-10-21.s047-04.toc-item4,"taxonomy.3.6.6.2.3","topic.255","utterance","Ponovno ugotovimo navzočnost. Če dobro vidim, nas je 43. Ugotavljamo navzočnost."
"parl.DruzPolZb","seja",47,"1992-10-21","11:05:00","13:35:00","",0,"DruzPolZb.1992-10-21.s047-04.sp-359","DruzPolZb.1992-10-21.s047-04.sp-359.14",DruzPolZb.1992-10-21.s047-04.toc-item4,"","","vote","44 navzočih poslancev."
"parl.DruzPolZb","seja",47,"1992-10-21","11:05:00","13:35:00","ToplakLudvik1942",1,"DruzPolZb.1992-10-21.s047-04.sp-359","DruzPolZb.1992-10-21.s047-04.sp-359.15",DruzPolZb.1992-10-21.s047-04.toc-item4,"taxonomy.3.6.6.2.3","topic.255","utterance","Kdo je za ta amandma, ki je redakcijske narave?"
"parl.DruzPolZb","seja",47,"1992-10-21","11:05:00","13:35:00","ToplakLudvik1942",1,"DruzPolZb.1992-10-21.s047-04.sp-359","DruzPolZb.1992-10-21.s047-04.sp-359.16",DruzPolZb.1992-10-21.s047-04.toc-item4,"taxonomy.3.6.6.2.3","topic.255","utterance","Kdor je za, naj prosim glasuje."
"parl.DruzPolZb","seja",47,"1992-10-21","11:05:00","13:35:00","",0,"DruzPolZb.1992-10-21.s047-04.sp-359","DruzPolZb.1992-10-21.s047-04.sp-359.17",DruzPolZb.1992-10-21.s047-04.toc-item4,"","","vote","27 poslancev."
"parl.DruzPolZb","seja",47,"1992-10-21","11:05:00","13:35:00","ToplakLudvik1942",1,"DruzPolZb.1992-10-21.s047-04.sp-359","DruzPolZb.1992-10-21.s047-04.sp-359.18",DruzPolZb.1992-10-21.s047-04.toc-item4,"taxonomy.3.6.6.2.3","topic.255","utterance","Je kdo proti?"
"parl.DruzPolZb","seja",47,"1992-10-21","11:05:00","13:35:00","",0,"DruzPolZb.1992-10-21.s047-04.sp-359","DruzPolZb.1992-10-21.s047-04.sp-359.19",DruzPolZb.1992-10-21.s047-04.toc-item4,"","","vote","2 poslanca."
"parl.DruzPolZb","seja",47,"1992-10-21","11:05:00","13:35:00","ToplakLudvik1942",1,"DruzPolZb.1992-10-21.s047-04.sp-359","DruzPolZb.1992-10-21.s047-04.sp-359.20",DruzPolZb.1992-10-21.s047-04.toc-item4,"taxonomy.3.6.6.2.3","topic.255","utterance","Se je kdo vzdržal?"
"parl.DruzPolZb","seja",47,"1992-10-21","11:05:00","13:35:00","",0,"DruzPolZb.1992-10-21.s047-04.sp-359","DruzPolZb.1992-10-21.s047-04.sp-359.21",DruzPolZb.1992-10-21.s047-04.toc-item4,"","","vote","14 poslancev."
"parl.DruzPolZb","seja",47,"1992-10-21","11:05:00","13:35:00","ToplakLudvik1942",1,"DruzPolZb.1992-10-21.s047-04.sp-359","DruzPolZb.1992-10-21.s047-04.sp-359.22",DruzPolZb.1992-10-21.s047-04.toc-item4,"taxonomy.3.6.6.2.3","topic.255","utterance","Ugotavljam, da je amandma izglasovan."
"parl.DruzPolZb","seja",47,"1992-10-21","11:05:00","13:35:00","ToplakLudvik1942",1,"DruzPolZb.1992-10-21.s047-04.sp-359","DruzPolZb.1992-10-21.s047-04.sp-359.23",DruzPolZb.1992-10-21.s047-04.toc-item4,"taxonomy.3.6.6.2.3","topic.255","utterance","(Prosim, če potrpežljivo počakamo do kraja. Gospod Kopač je zapustil dvorano, ne ni zapustil.) Glasujemo o drugem amandmaju. K 2., 3., 4. in 5. členu kjer se predlaga, da se črta besedo ""letna oz. na leto"" ker smo ta termin že nadomestili v 1. členu. V dvorani nas je 43. Ugotovimo navzočnost, ponovno."
"parl.DruzPolZb","seja",47,"1992-10-21","11:05:00","13:35:00","",0,"DruzPolZb.1992-10-21.s047-04.sp-359","DruzPolZb.1992-10-21.s047-04.sp-359.24",DruzPolZb.1992-10-21.s047-04.toc-item4,"","","quorum","44 navzočih."
"parl.DruzPolZb","seja",47,"1992-10-21","11:05:00","13:35:00","ToplakLudvik1942",1,"DruzPolZb.1992-10-21.s047-04.sp-359","DruzPolZb.1992-10-21.s047-04.sp-359.25",DruzPolZb.1992-10-21.s047-04.toc-item4,"taxonomy.3.6.6.2.3","topic.255","utterance","Medtem je eden vstopil."
"parl.DruzPolZb","seja",47,"1992-10-21","11:05:00","13:35:00","ToplakLudvik1942",1,"DruzPolZb.1992-10-21.s047-04.sp-359","DruzPolZb.1992-10-21.s047-04.sp-359.26",DruzPolZb.1992-10-21.s047-04.toc-item4,"taxonomy.3.6.6.2.3","topic.255","utterance","Kdor je za, naj prosim glasuje."
"parl.DruzPolZb","seja",47,"1992-10-21","11:05:00","13:35:00","",0,"DruzPolZb.1992-10-21.s047-04.sp-359","DruzPolZb.1992-10-21.s047-04.sp-359.27",DruzPolZb.1992-10-21.s047-04.toc-item4,"","","vote","27 poslancev."
"parl.DruzPolZb","seja",47,"1992-10-21","11:05:00","13:35:00","ToplakLudvik1942",1,"DruzPolZb.1992-10-21.s047-04.sp-359","DruzPolZb.1992-10-21.s047-04.sp-359.28",DruzPolZb.1992-10-21.s047-04.toc-item4,"taxonomy.3.6.6.2.3","topic.255","utterance","Je kdo proti?"
"parl.DruzPolZb","seja",47,"1992-10-21","11:05:00","13:35:00","",0,"DruzPolZb.1992-10-21.s047-04.sp-359","DruzPolZb.1992-10-21.s047-04.sp-359.29",DruzPolZb.1992-10-21.s047-04.toc-item4,"","","vote","1 poslanec."
"parl.DruzPolZb","seja",47,"1992-10-21","11:05:00","13:35:00","ToplakLudvik1942",1,"DruzPolZb.1992-10-21.s047-04.sp-359","DruzPolZb.1992-10-21.s047-04.sp-359.30",DruzPolZb.1992-10-21.s047-04.toc-item4,"taxonomy.3.6.6.2.3","topic.255","utterance","Se je kdo vzdržal?"
"parl.DruzPolZb","seja",47,"1992-10-21","11:05:00","13:35:00","",0,"DruzPolZb.1992-10-21.s047-04.sp-359","DruzPolZb.1992-10-21.s047-04.sp-359.31",DruzPolZb.1992-10-21.s047-04.toc-item4,"","","vote","12 poslancev."
"parl.DruzPolZb","seja",47,"1992-10-21","11:05:00","13:35:00","ToplakLudvik1942",1,"DruzPolZb.1992-10-21.s047-04.sp-359","DruzPolZb.1992-10-21.s047-04.sp-359.32",DruzPolZb.1992-10-21.s047-04.toc-item4,"taxonomy.3.6.6.2.3","topic.255","utterance","Ugotavljam, da so amandmaji izglasovani."
"parl.DruzPolZb","seja",47,"1992-10-21","11:05:00","13:35:00","ToplakLudvik1942",1,"DruzPolZb.1992-10-21.s047-04.sp-359","DruzPolZb.1992-10-21.s047-04.sp-359.33",DruzPolZb.1992-10-21.s047-04.toc-item4,"taxonomy.3.6.6.2.3","topic.255","utterance","Amandma k 2. členu predlaga, da se v drugem odstavku 2. člena pred številom ""8%"" doda besedilo ""in zavezane hranilne vloge."" To je amandma predvsem po diskusiji s pravniki in finančniki."
"parl.DruzPolZb","seja",47,"1992-10-21","11:05:00","13:35:00","ToplakLudvik1942",1,"DruzPolZb.1992-10-21.s047-04.sp-359","DruzPolZb.1992-10-21.s047-04.sp-359.34",DruzPolZb.1992-10-21.s047-04.toc-item4,"taxonomy.3.6.6.2.3","topic.255","utterance","Kdor je za, naj prosim glasuje."
"parl.DruzPolZb","seja",47,"1992-10-21","11:05:00","13:35:00","",0,"DruzPolZb.1992-10-21.s047-04.sp-359","DruzPolZb.1992-10-21.s047-04.sp-359.35",DruzPolZb.1992-10-21.s047-04.toc-item4,"","","vote","28 poslancev."
"parl.DruzPolZb","seja",47,"1992-10-21","11:05:00","13:35:00","ToplakLudvik1942",1,"DruzPolZb.1992-10-21.s047-04.sp-359","DruzPolZb.1992-10-21.s047-04.sp-359.36",DruzPolZb.1992-10-21.s047-04.toc-item4,"taxonomy.3.6.6.2.3","topic.255","utterance","Je kdo proti?"
"parl.DruzPolZb","seja",47,"1992-10-21","11:05:00","13:35:00","",0,"DruzPolZb.1992-10-21.s047-04.sp-359","DruzPolZb.1992-10-21.s047-04.sp-359.37",DruzPolZb.1992-10-21.s047-04.toc-item4,"","","vote","3 poslanci."
"parl.DruzPolZb","seja",47,"1992-10-21","11:05:00","13:35:00","ToplakLudvik1942",1,"DruzPolZb.1992-10-21.s047-04.sp-359","DruzPolZb.1992-10-21.s047-04.sp-359.38",DruzPolZb.1992-10-21.s047-04.toc-item4,"taxonomy.3.6.6.2.3","topic.255","utterance","Se je kdo vzdržal?"
"parl.DruzPolZb","seja",47,"1992-10-21","11:05:00","13:35:00","",0,"DruzPolZb.1992-10-21.s047-04.sp-359","DruzPolZb.1992-10-21.s047-04.sp-359.39",DruzPolZb.1992-10-21.s047-04.toc-item4,"","","vote","10 poslancev."
"parl.DruzPolZb","seja",47,"1992-10-21","11:05:00","13:35:00","ToplakLudvik1942",1,"DruzPolZb.1992-10-21.s047-04.sp-359","DruzPolZb.1992-10-21.s047-04.sp-359.40",DruzPolZb.1992-10-21.s047-04.toc-item4,"taxonomy.3.6.6.2.3","topic.255","utterance","Ugotavljam, da je amandma izglasovan."
"parl.DruzPolZb","seja",47,"1992-10-21","11:05:00","13:35:00","ToplakLudvik1942",1,"DruzPolZb.1992-10-21.s047-04.sp-359","DruzPolZb.1992-10-21.s047-04.sp-359.41",DruzPolZb.1992-10-21.s047-04.toc-item4,"taxonomy.3.6.6.2.3","topic.255","utterance","Dalje. K 5. členu se predlaga amandma in sicer dva amandmaja. Prvi amandma. V 5. členu se besedi ""javne obveznosti"" nadomesti z besedama ""javne dajatve"". Gre za ustavno dikcijo javne dajatve, ne javne obveznosti; redakcijskega značaja."
"parl.DruzPolZb","seja",47,"1992-10-21","11:05:00","13:35:00","ToplakLudvik1942",1,"DruzPolZb.1992-10-21.s047-04.sp-359","DruzPolZb.1992-10-21.s047-04.sp-359.42",DruzPolZb.1992-10-21.s047-04.toc-item4,"taxonomy.3.6.6.2.3","topic.255","utterance","Kdor je za, naj prosim glasuje."
"parl.DruzPolZb","seja",47,"1992-10-21","11:05:00","13:35:00","",0,"DruzPolZb.1992-10-21.s047-04.sp-359","DruzPolZb.1992-10-21.s047-04.sp-359.43",DruzPolZb.1992-10-21.s047-04.toc-item4,"","","vote","27 poslancev."
"parl.DruzPolZb","seja",47,"1992-10-21","11:05:00","13:35:00","ToplakLudvik1942",1,"DruzPolZb.1992-10-21.s047-04.sp-359","DruzPolZb.1992-10-21.s047-04.sp-359.44",DruzPolZb.1992-10-21.s047-04.toc-item4,"taxonomy.3.6.6.2.3","topic.255","utterance","Je kdo proti?"
"parl.DruzPolZb","seja",47,"1992-10-21","11:05:00","13:35:00","",0,"DruzPolZb.1992-10-21.s047-04.sp-359","DruzPolZb.1992-10-21.s047-04.sp-359.45",DruzPolZb.1992-10-21.s047-04.toc-item4,"","","vote","4 poslanci."
"parl.DruzPolZb","seja",47,"1992-10-21","11:05:00","13:35:00","ToplakLudvik1942",1,"DruzPolZb.1992-10-21.s047-04.sp-359","DruzPolZb.1992-10-21.s047-04.sp-359.46",DruzPolZb.1992-10-21.s047-04.toc-item4,"taxonomy.3.6.6.2.3","topic.255","utterance","Se je kdo vzdržal?"
"parl.DruzPolZb","seja",47,"1992-10-21","11:05:00","13:35:00","",0,"DruzPolZb.1992-10-21.s047-04.sp-359","DruzPolZb.1992-10-21.s047-04.sp-359.47",DruzPolZb.1992-10-21.s047-04.toc-item4,"","","vote","7 poslancev."
"parl.DruzPolZb","seja",47,"1992-10-21","11:05:00","13:35:00","ToplakLudvik1942",1,"DruzPolZb.1992-10-21.s047-04.sp-359","DruzPolZb.1992-10-21.s047-04.sp-359.48",DruzPolZb.1992-10-21.s047-04.toc-item4,"taxonomy.3.6.6.2.3","topic.255","utterance","Ugotavljam, da je amandma izglasovan."
"parl.DruzPolZb","seja",47,"1992-10-21","11:05:00","13:35:00","ToplakLudvik1942",1,"DruzPolZb.1992-10-21.s047-04.sp-359","DruzPolZb.1992-10-21.s047-04.sp-359.49",DruzPolZb.1992-10-21.s047-04.toc-item4,"taxonomy.3.6.6.2.3","topic.255","utterance","In drugi amandma, pardon, amandma k 6. členu, kjer se predlaga, da v 6. členu se besede ""za zavarovanje rizika"" črtajo in nadomestijo z besedami ""za nezavarovane terjatve""."
"parl.DruzPolZb","seja",47,"1992-10-21","11:05:00","13:35:00","ToplakLudvik1942",1,"DruzPolZb.1992-10-21.s047-04.sp-359","DruzPolZb.1992-10-21.s047-04.sp-359.50",DruzPolZb.1992-10-21.s047-04.toc-item4,"taxonomy.3.6.6.2.3","topic.255","utterance","Kdor je za, naj prosim glasuje."
"parl.DruzPolZb","seja",47,"1992-10-21","11:05:00","13:35:00","",0,"DruzPolZb.1992-10-21.s047-04.sp-359","DruzPolZb.1992-10-21.s047-04.sp-359.51",DruzPolZb.1992-10-21.s047-04.toc-item4,"","","vote","26 poslancev."
"parl.DruzPolZb","seja",47,"1992-10-21","11:05:00","13:35:00","ToplakLudvik1942",1,"DruzPolZb.1992-10-21.s047-04.sp-359","DruzPolZb.1992-10-21.s047-04.sp-359.52",DruzPolZb.1992-10-21.s047-04.toc-item4,"taxonomy.3.6.6.2.3","topic.255","utterance","Je kdo proti?"
"parl.DruzPolZb","seja",47,"1992-10-21","11:05:00","13:35:00","",0,"DruzPolZb.1992-10-21.s047-04.sp-359","DruzPolZb.1992-10-21.s047-04.sp-359.53",DruzPolZb.1992-10-21.s047-04.toc-item4,"","","vote","3 poslanci."
"parl.DruzPolZb","seja",47,"1992-10-21","11:05:00","13:35:00","ToplakLudvik1942",1,"DruzPolZb.1992-10-21.s047-04.sp-359","DruzPolZb.1992-10-21.s047-04.sp-359.54",DruzPolZb.1992-10-21.s047-04.toc-item4,"taxonomy.3.6.6.2.3","topic.255","utterance","Se je kdo vzdržal?"
"parl.DruzPolZb","seja",47,"1992-10-21","11:05:00","13:35:00","",0,"DruzPolZb.1992-10-21.s047-04.sp-359","DruzPolZb.1992-10-21.s047-04.sp-359.55",DruzPolZb.1992-10-21.s047-04.toc-item4,"","","vote","9 poslancev."
"parl.DruzPolZb","seja",47,"1992-10-21","11:05:00","13:35:00","ToplakLudvik1942",1,"DruzPolZb.1992-10-21.s047-04.sp-359","DruzPolZb.1992-10-21.s047-04.sp-359.56",DruzPolZb.1992-10-21.s047-04.toc-item4,"taxonomy.3.6.6.2.3","topic.255","utterance","Ugotavljam, da je amandma izglasovan."
"parl.DruzPolZb","seja",47,"1992-10-21","11:05:00","13:35:00","ToplakLudvik1942",1,"DruzPolZb.1992-10-21.s047-04.sp-359","DruzPolZb.1992-10-21.s047-04.sp-359.57",DruzPolZb.1992-10-21.s047-04.toc-item4,"taxonomy.3.6.6.2.3","topic.255","utterance","Dalje še en redakcijski. V 8. členu se predlaga, da se drugi odstavek 8. člena črta, in sicer drugi odstavek v 8. členu, ki glasi: ""Obresti plačane preko limitov, določenim s tem zakonom, se povrnejo dolžniku na njegovo zahtevo."" To je že urejeno v drugih zakonih, zato predlagam, da glasujemo o amandmaju."
"parl.DruzPolZb","seja",47,"1992-10-21","11:05:00","13:35:00","ToplakLudvik1942",1,"DruzPolZb.1992-10-21.s047-04.sp-359","DruzPolZb.1992-10-21.s047-04.sp-359.58",DruzPolZb.1992-10-21.s047-04.toc-item4,"taxonomy.3.6.6.2.3","topic.255","utterance","Kdor je za, naj prosim glasuje."
"parl.DruzPolZb","seja",47,"1992-10-21","11:05:00","13:35:00","",0,"DruzPolZb.1992-10-21.s047-04.sp-359","DruzPolZb.1992-10-21.s047-04.sp-359.59",DruzPolZb.1992-10-21.s047-04.toc-item4,"","","vote","26 poslancev."
"parl.DruzPolZb","seja",47,"1992-10-21","11:05:00","13:35:00","ToplakLudvik1942",1,"DruzPolZb.1992-10-21.s047-04.sp-359","DruzPolZb.1992-10-21.s047-04.sp-359.60",DruzPolZb.1992-10-21.s047-04.toc-item4,"taxonomy.3.6.6.2.3","topic.255","utterance","Je kdo proti?"
"parl.DruzPolZb","seja",47,"1992-10-21","11:05:00","13:35:00","",0,"DruzPolZb.1992-10-21.s047-04.sp-359","DruzPolZb.1992-10-21.s047-04.sp-359.61",DruzPolZb.1992-10-21.s047-04.toc-item4,"","","vote","2 poslanca"
"parl.DruzPolZb","seja",47,"1992-10-21","11:05:00","13:35:00","ToplakLudvik1942",1,"DruzPolZb.1992-10-21.s047-04.sp-359","DruzPolZb.1992-10-21.s047-04.sp-359.62",DruzPolZb.1992-10-21.s047-04.toc-item4,"taxonomy.3.6.6.2.3","topic.255","utterance","Se je kdo vzdržal?"
"parl.DruzPolZb","seja",47,"1992-10-21","11:05:00","13:35:00","",0,"DruzPolZb.1992-10-21.s047-04.sp-359","DruzPolZb.1992-10-21.s047-04.sp-359.63",DruzPolZb.1992-10-21.s047-04.toc-item4,"","","vote","9 poslancev."
"parl.DruzPolZb","seja",47,"1992-10-21","11:05:00","13:35:00","ToplakLudvik1942",1,"DruzPolZb.1992-10-21.s047-04.sp-359","DruzPolZb.1992-10-21.s047-04.sp-359.64",DruzPolZb.1992-10-21.s047-04.toc-item4,"taxonomy.3.6.6.2.3","topic.255","utterance","In sedaj glasujemo o zakonu z amandmaji. (Počasi, da se ohladi.) Ugotovimo ponovno navzočnost."
"parl.DruzPolZb","seja",47,"1992-10-21","11:05:00","13:35:00","",0,"DruzPolZb.1992-10-21.s047-04.sp-359","DruzPolZb.1992-10-21.s047-04.sp-359.65",DruzPolZb.1992-10-21.s047-04.toc-item4,"","","quorum","45 navzočih."
"parl.DruzPolZb","seja",47,"1992-10-21","11:05:00","13:35:00","ToplakLudvik1942",1,"DruzPolZb.1992-10-21.s047-04.sp-359","DruzPolZb.1992-10-21.s047-04.sp-359.66",DruzPolZb.1992-10-21.s047-04.toc-item4,"taxonomy.3.6.6.2.3","topic.255","utterance","In sedaj glasujemo o zakonu z amandmaji, kakor smo jih izglasovali."
"parl.DruzPolZb","seja",47,"1992-10-21","11:05:00","13:35:00","ToplakLudvik1942",1,"DruzPolZb.1992-10-21.s047-04.sp-359","DruzPolZb.1992-10-21.s047-04.sp-359.67",DruzPolZb.1992-10-21.s047-04.toc-item4,"taxonomy.3.6.6.2.3","topic.255","utterance","Kdor je za, naj prosim glasuje."
"parl.DruzPolZb","seja",47,"1992-10-21","11:05:00","13:35:00","",0,"DruzPolZb.1992-10-21.s047-04.sp-359","DruzPolZb.1992-10-21.s047-04.sp-359.68",DruzPolZb.1992-10-21.s047-04.toc-item4,"","","vote","26 poslancev."
"parl.DruzPolZb","seja",47,"1992-10-21","11:05:00","13:35:00","ToplakLudvik1942",1,"DruzPolZb.1992-10-21.s047-04.sp-359","DruzPolZb.1992-10-21.s047-04.sp-359.69",DruzPolZb.1992-10-21.s047-04.toc-item4,"taxonomy.3.6.6.2.3","topic.255","utterance","Je kdo proti?"
"parl.DruzPolZb","seja",47,"1992-10-21","11:05:00","13:35:00","",0,"DruzPolZb.1992-10-21.s047-04.sp-359","DruzPolZb.1992-10-21.s047-04.sp-359.70",DruzPolZb.1992-10-21.s047-04.toc-item4,"","","vote","12 poslancev."
"parl.DruzPolZb","seja",47,"1992-10-21","11:05:00","13:35:00","ToplakLudvik1942",1,"DruzPolZb.1992-10-21.s047-04.sp-359","DruzPolZb.1992-10-21.s047-04.sp-359.71",DruzPolZb.1992-10-21.s047-04.toc-item4,"taxonomy.3.6.6.2.3","topic.255","utterance","Se je kdo vzdržal?"
"parl.DruzPolZb","seja",47,"1992-10-21","11:05:00","13:35:00","",0,"DruzPolZb.1992-10-21.s047-04.sp-359","DruzPolZb.1992-10-21.s047-04.sp-359.72",DruzPolZb.1992-10-21.s047-04.toc-item4,"","","vote","8 poslancev."
"parl.DruzPolZb","seja",47,"1992-10-21","11:05:00","13:35:00","ToplakLudvik1942",1,"DruzPolZb.1992-10-21.s047-04.sp-359","DruzPolZb.1992-10-21.s047-04.sp-359.73",DruzPolZb.1992-10-21.s047-04.toc-item4,"taxonomy.3.6.6.2.3","topic.255","utterance","Ugotavljam, da je zakon z amandmaji izglasovan in sprejet v našem zboru."
"parl.DruzPolZb","seja",47,"1992-10-21","11:05:00","13:35:00","ToplakLudvik1942",1,"DruzPolZb.1992-10-21.s047-04.sp-359","DruzPolZb.1992-10-21.s047-04.sp-359.74",DruzPolZb.1992-10-21.s047-04.toc-item4,"taxonomy.3.6.6.2.3","topic.255","utterance","S tem je dodatni sklep gospoda Tomšiča brezpredmeten. Sedaj prosim pet člansko skupno komisijo za uskladitev. Halb, Kopač, Toplak, Kolešnik in Pregelj. Hvala."
"parl.DruzPolZb","seja",47,"1992-10-21","11:05:00","13:35:00","ToplakLudvik1942",1,"DruzPolZb.1992-10-21.s047-04.sp-359","DruzPolZb.1992-10-21.s047-04.sp-359.75",DruzPolZb.1992-10-21.s047-04.toc-item4,"taxonomy.3.6.6.2.3","topic.255","utterance","Predlog dajem na glasovanje. Halb, Kopač, Toplak, Kolešnik in Pregelj."
"parl.DruzPolZb","seja",47,"1992-10-21","11:05:00","13:35:00","ToplakLudvik1942",1,"DruzPolZb.1992-10-21.s047-04.sp-359","DruzPolZb.1992-10-21.s047-04.sp-359.76",DruzPolZb.1992-10-21.s047-04.toc-item4,"taxonomy.3.6.6.2.3","topic.255","utterance","Kdor je za, naj prosim glasuje."
"parl.DruzPolZb","seja",47,"1992-10-21","11:05:00","13:35:00","",0,"DruzPolZb.1992-10-21.s047-04.sp-359","DruzPolZb.1992-10-21.s047-04.sp-359.77",DruzPolZb.1992-10-21.s047-04.toc-item4,"","","vote","36 poslancev."
"parl.DruzPolZb","seja",47,"1992-10-21","11:05:00","13:35:00","ToplakLudvik1942",1,"DruzPolZb.1992-10-21.s047-04.sp-359","DruzPolZb.1992-10-21.s047-04.sp-359.78",DruzPolZb.1992-10-21.s047-04.toc-item4,"taxonomy.3.6.6.2.3","topic.255","utterance","Je kdo proti?"
"parl.DruzPolZb","seja",47,"1992-10-21","11:05:00","13:35:00","",0,"DruzPolZb.1992-10-21.s047-04.sp-359","DruzPolZb.1992-10-21.s047-04.sp-359.79",DruzPolZb.1992-10-21.s047-04.toc-item4,"","","vote","2 poslanca."
"parl.DruzPolZb","seja",47,"1992-10-21","11:05:00","13:35:00","ToplakLudvik1942",1,"DruzPolZb.1992-10-21.s047-04.sp-359","DruzPolZb.1992-10-21.s047-04.sp-359.80",DruzPolZb.1992-10-21.s047-04.toc-item4,"taxonomy.3.6.6.2.3","topic.255","utterance","Se je kdo vzdržal?"
"parl.DruzPolZb","seja",47,"1992-10-21","11:05:00","13:35:00","",0,"DruzPolZb.1992-10-21.s047-04.sp-359","DruzPolZb.1992-10-21.s047-04.sp-359.81",DruzPolZb.1992-10-21.s047-04.toc-item4,"","","vote","Nihče."
"parl.DruzPolZb","seja",47,"1992-10-21","11:05:00","13:35:00","ToplakLudvik1942",1,"DruzPolZb.1992-10-21.s047-04.sp-359","DruzPolZb.1992-10-21.s047-04.sp-359.82",DruzPolZb.1992-10-21.s047-04.toc-item4,"taxonomy.3.6.6.2.3","topic.255","utterance","Ugotavljam, da je usklajevalna komisija izglasovana."
"parl.DruzPolZb","seja",47,"1992-10-21","11:05:00","13:35:00","ToplakLudvik1942",1,"DruzPolZb.1992-10-21.s047-04.sp-359","DruzPolZb.1992-10-21.s047-04.sp-359.83",DruzPolZb.1992-10-21.s047-04.toc-item4,"taxonomy.3.6.6.2.3","topic.255","utterance","Sedaj pa zasluženo 60 minut pavze, pa bodimo - 55 minut pavze."
"parl.DruzPolZb","seja",47,"1992-10-21","11:05:00","13:35:00","",0,"DruzPolZb.1992-10-21.s047-04.sp-359","DruzPolZb.1992-10-21.s047-04.sp-359.84",DruzPolZb.1992-10-21.s047-04.toc-item4,"","","time","Seja je bila prekinjena ob 13.35 uri in se je nadaljevala ob 15.05 uri."
"parl.DruzPolZb","seja",47,"1992-10-21","15:05:00","16:50:00","",0,"DruzPolZb.1992-10-21.s047-04.sp-360","DruzPolZb.1992-10-21.s047-04.sp-360.1",DruzPolZb.1992-10-21.s047-04.toc-item4,"","","speaker","PODPREDSEDNIK ANTON PERŠAK:"
"parl.DruzPolZb","seja",47,"1992-10-21","15:05:00","16:50:00","PersakAnton1947",1,"DruzPolZb.1992-10-21.s047-04.sp-360","DruzPolZb.1992-10-21.s047-04.sp-360.2",DruzPolZb.1992-10-21.s047-04.toc-item4,"taxonomy.3.6.6.2.3","topic.255","utterance","Ugotavljam, da nismo sklepčni in predlagam, da po možnosti v svoje klube sporočite, da bi čez deset minut, recimo, začeli z nadaljevanjem seje. Vidim, da to nobenega preveč ne zanima."
"parl.DruzPolZb","seja",47,"1992-10-21","15:05:00","16:50:00","",0,"DruzPolZb.1992-10-21.s047-04.sp-361","DruzPolZb.1992-10-21.s047-04.sp-361.1",DruzPolZb.1992-10-21.s047-04.toc-item4,"","","speaker","PREDSEDNIK DR. LUDVIK TOPLAK:"
"parl.DruzPolZb","seja",47,"1992-10-21","15:05:00","16:50:00","ToplakLudvik1942",1,"DruzPolZb.1992-10-21.s047-04.sp-361","DruzPolZb.1992-10-21.s047-04.sp-361.2",DruzPolZb.1992-10-21.s047-04.toc-item4,"taxonomy.3.6.6.2.3","topic.255","utterance","Čas je za nadaljevanje. Ugotavljamo navzočnost. Še prihajajo. Prosim, če vstopijo. 40 nas je. Eden je odšel in nas je 39. Eden je prišel, eden odšel. Ponovno, prosim, ugotovimo navzočnost."
"parl.DruzPolZb","seja",47,"1992-10-21","15:05:00","16:50:00","ToplakLudvik1942",1,"DruzPolZb.1992-10-21.s047-04.sp-361","DruzPolZb.1992-10-21.s047-04.sp-361.3",DruzPolZb.1992-10-21.s047-04.toc-item4,"taxonomy.3.6.6.2.3","topic.255","utterance","Ugotavljamo navzočnost. Komu ne gori lučka? Ugotavljam, da je zbor sklepčen, 41 navzočih."
"parl.DruzPolZb","seja",47,"1992-10-21","15:05:00","16:50:00","ToplakLudvik1942",1,"DruzPolZb.1992-10-21.s047-04.sp-361","DruzPolZb.1992-10-21.s047-04.sp-361.4",DruzPolZb.1992-10-21.s047-04.toc-item5,"taxonomy.3.8.7","topic.349","utterance","Prehajamo na 8. TOČKO DNEVNEGA REDA: PREDLOG ZAKONA O SKLADU KMETIJSKIH ZEMLJIŠČ IN GOZDOV REPUBLIKE SLOVENIJE."
"parl.DruzPolZb","seja",47,"1992-10-21","15:05:00","16:50:00","ToplakLudvik1942",1,"DruzPolZb.1992-10-21.s047-04.sp-361","DruzPolZb.1992-10-21.s047-04.sp-361.5",DruzPolZb.1992-10-21.s047-04.toc-item5,"taxonomy.3.8.7","topic.349","utterance","Predlog zakona je v obravnavo predložila Vlada Republike Slovenije. Obravnavali so ga: Odbor za kmetijstvo in gozdarstvo kot matično delovno telo dne 5.6.1992, ki predlaga amandmaje k 4., 5., 13. členu ter ponovno še 6.10.1992, kjer se je opredelil do vloženih amandmajev; Komisija za preobrazbo družbene in zadružne lastnine, ki je imela številne pripombe k posameznim rešitvam obravnavanega predloga zakona; Zakonodajno-pravna komisija je dne 9.6.1992 ocenila, da je predlagani zakon s sistemskega vidika nesprejemljiv in da bi bilo lahko njegove posamezne določbe razumeti kot sporne glede na novo ustavo. Po njeni oceni bi ta zakon pomenil podržavljanje kmetijskih zemljišč, kmetij in gozdov v družbeni lastnini, s katerimi sedaj upravljajo in razpolagajo občine, podjetja in organizacije in druge pravne osebe, kar bi bilo glede na novo ustavo lahko zelo sporno. Komisija predlaga zboru, da predlog zakona zavrne in predlagatelju naloži pripravo novega predloga zakona."
"parl.DruzPolZb","seja",47,"1992-10-21","15:05:00","16:50:00","ToplakLudvik1942",1,"DruzPolZb.1992-10-21.s047-04.sp-361","DruzPolZb.1992-10-21.s047-04.sp-361.6",DruzPolZb.1992-10-21.s047-04.toc-item5,"taxonomy.3.8.7","topic.349","utterance","Poslanec Andrej Magajna je predložil amandma k 4. in 13. členu in variantni predlog še za 13. člen"
"parl.DruzPolZb","seja",47,"1992-10-21","15:05:00","16:50:00","",0,"DruzPolZb.1992-10-21.s047-04.sp-361","DruzPolZb.1992-10-21.s047-04.sp-361.7",DruzPolZb.1992-10-21.s047-04.toc-item5,"","","location","iz klopi:"
"parl.DruzPolZb","seja",47,"1992-10-21","15:05:00","16:50:00","unknown",0,"DruzPolZb.1992-10-21.s047-04.sp-361","DruzPolZb.1992-10-21.s047-04.sp-361.8",DruzPolZb.1992-10-21.s047-04.toc-item5,"taxonomy.3.8.7","topic.349","utterance","ne, črtam"
"parl.DruzPolZb","seja",47,"1992-10-21","15:05:00","16:50:00","ToplakLudvik1942",1,"DruzPolZb.1992-10-21.s047-04.sp-361","DruzPolZb.1992-10-21.s047-04.sp-361.9",DruzPolZb.1992-10-21.s047-04.toc-item5,"taxonomy.3.8.7","topic.349","utterance","ter amandma k 14., 15. in 16. členu."
"parl.DruzPolZb","seja",47,"1992-10-21","15:05:00","16:50:00","ToplakLudvik1942",1,"DruzPolZb.1992-10-21.s047-04.sp-361","DruzPolZb.1992-10-21.s047-04.sp-361.10",DruzPolZb.1992-10-21.s047-04.toc-item5,"taxonomy.3.8.7","topic.349","utterance","Stališče Vlade Republike Slovenije do vloženih amandmajev smo prejeli dne 21.7.1992. Prejeli smo tudi amandmaje Vlade Republike Slovenije, in sicer vlada predlaga amandmaje k 4., 5., 6., 9., 10., 12., 13., 14., 15. in 16. členu predloga zakona. Ti amandmaji so bili vloženi dne 21.7.1992 ter se v skladu s 5. odstavkom 294. člena poslovnika Skupščine Republike Slovenije, štejejo za sestavni del zakona, ker so bili vloženi več kot deset dni pred dnem, določenim za sejo."
"parl.DruzPolZb","seja",47,"1992-10-21","15:05:00","16:50:00","ToplakLudvik1942",1,"DruzPolZb.1992-10-21.s047-04.sp-361","DruzPolZb.1992-10-21.s047-04.sp-361.11",DruzPolZb.1992-10-21.s047-04.toc-item5,"taxonomy.3.8.7","topic.349","utterance","Poslanec Tone Anderlič predlaga amandmaje k 4., 13., 15. in 16. členu. Amandmaji so bili vloženi po preteku roka za vložitev amandmajev. Poslanec Franco Juri je vložil amandma k 15. členu ravno tako po poteku roka za vložitev amandmajev. Po poteku roka za vložitev amandmajev sta vložila amandmaje tudi poslanec Miran Potrč k 13. in 15. členu in Ciril Kolešnik k 13., 14. in 16. členu."
"parl.DruzPolZb","seja",47,"1992-10-21","15:05:00","16:50:00","ToplakLudvik1942",1,"DruzPolZb.1992-10-21.s047-04.sp-361","DruzPolZb.1992-10-21.s047-04.sp-361.12",DruzPolZb.1992-10-21.s047-04.toc-item5,"taxonomy.3.8.7","topic.349","utterance","Vsi ti amandmaji so bili vloženi po poteku roka za vložitev amandmajev, kar pomeni, da niso vloženi v skladu z 291. členom poslovnika Skupščine Republike Slovenije, ki zahteva, da mora biti amandma vložen najmanj deset dni pred dnem, določenim za sejo."
"parl.DruzPolZb","seja",47,"1992-10-21","15:05:00","16:50:00","ToplakLudvik1942",1,"DruzPolZb.1992-10-21.s047-04.sp-361","DruzPolZb.1992-10-21.s047-04.sp-361.13",DruzPolZb.1992-10-21.s047-04.toc-item5,"taxonomy.3.8.7","topic.349","utterance","Glede na to, da je Družbenopolitični zbor na 30. seji dne 12.2.1992 sprejel sklep, s katerim soglaša z vsebino pisma dr. Bučarja glede dela zborov in delovnih teles to pomeni, da je treba upoštevati tudi te roke za vlaganje amandmajev."
"parl.DruzPolZb","seja",47,"1992-10-21","15:05:00","16:50:00","ToplakLudvik1942",1,"DruzPolZb.1992-10-21.s047-04.sp-361","DruzPolZb.1992-10-21.s047-04.sp-361.14",DruzPolZb.1992-10-21.s047-04.toc-item5,"taxonomy.3.8.7","topic.349","utterance","Zboru zato predlagam, da se v skladu s 294. členom poslovnika, ki omogoča izjemo deset dnevnemu roku, zbor opredeli o utemeljenosti rokov za predložitev amandmajev izven poslovniško določenega roka in da z glasovanjem odloči, ali bo obravnaval predložene amandmaje. Prosim poslance, da obrazložijo zamudo rokov za vložitev amandmajev."
"parl.DruzPolZb","seja",47,"1992-10-21","15:05:00","16:50:00","ToplakLudvik1942",1,"DruzPolZb.1992-10-21.s047-04.sp-361","DruzPolZb.1992-10-21.s047-04.sp-361.15",DruzPolZb.1992-10-21.s047-04.toc-item5,"taxonomy.3.8.7","topic.349","utterance","Prosim gospod Tone Anderlič, da obrazložite v skladu s citiranimi določili poslovnika, zakaj ste zamudili rok, da zbor oceni, ali je upravičeno in da se ga vzame v obzir. Prosim."
"parl.DruzPolZb","seja",47,"1992-10-21","15:05:00","16:50:00","",0,"DruzPolZb.1992-10-21.s047-04.sp-362","DruzPolZb.1992-10-21.s047-04.sp-362.1",DruzPolZb.1992-10-21.s047-04.toc-item5,"","","speaker","TONE ANDERLIČ:"
"parl.DruzPolZb","seja",47,"1992-10-21","15:05:00","16:50:00","AnderlicTone1956",0,"DruzPolZb.1992-10-21.s047-04.sp-362","DruzPolZb.1992-10-21.s047-04.sp-362.2",DruzPolZb.1992-10-21.s047-04.toc-item5,"taxonomy.3.8.7","topic.349","utterance","Zamuda je nastala zaradi tega, ker v ostalih dveh zborih je bil vložen, tukaj pa ni bil in sem potem ..."
"parl.DruzPolZb","seja",47,"1992-10-21","15:05:00","16:50:00","",0,"DruzPolZb.1992-10-21.s047-04.sp-363","DruzPolZb.1992-10-21.s047-04.sp-363.1",DruzPolZb.1992-10-21.s047-04.toc-item5,"","","speaker","PREDSEDNIK DR. LUDVIK TOPLAK:"
"parl.DruzPolZb","seja",47,"1992-10-21","15:05:00","16:50:00","ToplakLudvik1942",1,"DruzPolZb.1992-10-21.s047-04.sp-363","DruzPolZb.1992-10-21.s047-04.sp-363.2",DruzPolZb.1992-10-21.s047-04.toc-item5,"taxonomy.3.8.7","topic.349","utterance","Hvala lepa. Prosim, gospod Franco Juri."
"parl.DruzPolZb","seja",47,"1992-10-21","15:05:00","16:50:00","",0,"DruzPolZb.1992-10-21.s047-04.sp-364","DruzPolZb.1992-10-21.s047-04.sp-364.1",DruzPolZb.1992-10-21.s047-04.toc-item5,"","","speaker","FRANCO JURI:"
"parl.DruzPolZb","seja",47,"1992-10-21","15:05:00","16:50:00","JuriFranco1956",0,"DruzPolZb.1992-10-21.s047-04.sp-364","DruzPolZb.1992-10-21.s047-04.sp-364.2",DruzPolZb.1992-10-21.s047-04.toc-item5,"taxonomy.3.8.7","topic.349","utterance","Če spomin ne vara, smo ta amandma predložili nekateri poslanci z Obale, ker je predlog za tak amandma nekje pozno prispel do nas in sicer po usklajevanju v okviru Obalne skupnosti. Zaradi tega dolgega usklajevanja pa smo čakali in ..."
"parl.DruzPolZb","seja",47,"1992-10-21","15:05:00","16:50:00","",0,"DruzPolZb.1992-10-21.s047-04.sp-365","DruzPolZb.1992-10-21.s047-04.sp-365.1",DruzPolZb.1992-10-21.s047-04.toc-item5,"","","speaker"," PREDSEDNIK DR. LUDVIK TOPLAK:"
"parl.DruzPolZb","seja",47,"1992-10-21","15:05:00","16:50:00","ToplakLudvik1942",1,"DruzPolZb.1992-10-21.s047-04.sp-365","DruzPolZb.1992-10-21.s047-04.sp-365.2",DruzPolZb.1992-10-21.s047-04.toc-item5,"taxonomy.3.8.7","topic.349","utterance","Hvala lepa za obrazložitev."
"parl.DruzPolZb","seja",47,"1992-10-21","15:05:00","16:50:00","ToplakLudvik1942",1,"DruzPolZb.1992-10-21.s047-04.sp-365","DruzPolZb.1992-10-21.s047-04.sp-365.3",DruzPolZb.1992-10-21.s047-04.toc-item5,"taxonomy.3.8.7","topic.349","utterance","Gospod Miran Potrč se je opravičil, je približno iz istih razlogov navedel, je pa odsoten. Prosim še gospod Kolešnik."
"parl.DruzPolZb","seja",47,"1992-10-21","15:05:00","16:50:00","",0,"DruzPolZb.1992-10-21.s047-04.sp-366","DruzPolZb.1992-10-21.s047-04.sp-366.1",DruzPolZb.1992-10-21.s047-04.toc-item5,"","","speaker","CIRIL KOLEŠNIK:"
"parl.DruzPolZb","seja",47,"1992-10-21","15:05:00","16:50:00","KolesnikCiril",0,"DruzPolZb.1992-10-21.s047-04.sp-366","DruzPolZb.1992-10-21.s047-04.sp-366.2",DruzPolZb.1992-10-21.s047-04.toc-item5,"taxonomy.3.8.7","topic.349","utterance","Spoštovani! Niso krivi nogometni treningi, ampak je krivo nekaj drugega. Namreč ta zakon o oblikovanju Sklada kmetijskih zemljišč na ravni države je zelo pomemben, zamuda pa je nastala zaradi tega, ker smo konzultirali tudi druge občine. Namreč, ta zakon prehiteva sistemsko zakonodajo (kot je npr. zakon o kmetijskih zemljiščih, potem celo vrsto prostorskih zakonov in tudi zakon o varstvu okolja). In - kot sem rekel - ker smo konzultirali občine in od njih pridobivali odgovore, je nastala zamuda. V bistvu večina občin v Sloveniji podpira te amandmaje, ki jih predlagam, ker ta zakon bistveno posega, kot sem rekel, brez te sistemske zakonodaje, v razmerja in v bistvu spreminja odnose v prostoru. Zato so tudi ti amandmaji predlagani. Kaj pa je bistvo amandmajev, bom pa potem, ko jih boste podprli - v kar ne dvomim - tudi razložil. Hvala lepa."
"parl.DruzPolZb","seja",47,"1992-10-21","15:05:00","16:50:00","",0,"DruzPolZb.1992-10-21.s047-04.sp-367","DruzPolZb.1992-10-21.s047-04.sp-367.1",DruzPolZb.1992-10-21.s047-04.toc-item5,"","","speaker","PREDSEDNIK DR.LUDVIK TOPLAK:"
"parl.DruzPolZb","seja",47,"1992-10-21","15:05:00","16:50:00","ToplakLudvik1942",1,"DruzPolZb.1992-10-21.s047-04.sp-367","DruzPolZb.1992-10-21.s047-04.sp-367.2",DruzPolZb.1992-10-21.s047-04.toc-item5,"taxonomy.3.8.7","topic.349","utterance","Hvala lepa gospodu Kolešniku. Mislim, da lahko damo vse štiri primere skupaj na glasovanje, da ugotovimo, da se uvrstijo na dnevni red."
"parl.DruzPolZb","seja",47,"1992-10-21","15:05:00","16:50:00","ToplakLudvik1942",1,"DruzPolZb.1992-10-21.s047-04.sp-367","DruzPolZb.1992-10-21.s047-04.sp-367.3",DruzPolZb.1992-10-21.s047-04.toc-item5,"taxonomy.3.8.7","topic.349","utterance","Ugotovimo navzočnost, prosim!"
"parl.DruzPolZb","seja",47,"1992-10-21","15:05:00","16:50:00","",0,"DruzPolZb.1992-10-21.s047-04.sp-367","DruzPolZb.1992-10-21.s047-04.sp-367.4",DruzPolZb.1992-10-21.s047-04.toc-item5,"","","quorum","47 prisotnih."
"parl.DruzPolZb","seja",47,"1992-10-21","15:05:00","16:50:00","ToplakLudvik1942",1,"DruzPolZb.1992-10-21.s047-04.sp-367","DruzPolZb.1992-10-21.s047-04.sp-367.5",DruzPolZb.1992-10-21.s047-04.toc-item5,"taxonomy.3.8.7","topic.349","utterance","Kdor je za, naj prosim glasuje."
"parl.DruzPolZb","seja",47,"1992-10-21","15:05:00","16:50:00","",0,"DruzPolZb.1992-10-21.s047-04.sp-367","DruzPolZb.1992-10-21.s047-04.sp-367.6",DruzPolZb.1992-10-21.s047-04.toc-item5,"","","vote","38 poslancev."
"parl.DruzPolZb","seja",47,"1992-10-21","15:05:00","16:50:00","ToplakLudvik1942",1,"DruzPolZb.1992-10-21.s047-04.sp-367","DruzPolZb.1992-10-21.s047-04.sp-367.7",DruzPolZb.1992-10-21.s047-04.toc-item5,"taxonomy.3.8.7","topic.349","utterance","Je kdo proti?"
"parl.DruzPolZb","seja",47,"1992-10-21","15:05:00","16:50:00","",0,"DruzPolZb.1992-10-21.s047-04.sp-367","DruzPolZb.1992-10-21.s047-04.sp-367.8",DruzPolZb.1992-10-21.s047-04.toc-item5,"","","vote","2 poslanca."
"parl.DruzPolZb","seja",47,"1992-10-21","15:05:00","16:50:00","ToplakLudvik1942",1,"DruzPolZb.1992-10-21.s047-04.sp-367","DruzPolZb.1992-10-21.s047-04.sp-367.9",DruzPolZb.1992-10-21.s047-04.toc-item5,"taxonomy.3.8.7","topic.349","utterance","Se je kdo vzdržal?"
"parl.DruzPolZb","seja",47,"1992-10-21","15:05:00","16:50:00","",0,"DruzPolZb.1992-10-21.s047-04.sp-367","DruzPolZb.1992-10-21.s047-04.sp-367.10",DruzPolZb.1992-10-21.s047-04.toc-item5,"","","vote","aktivno 2 poslanca."
"parl.DruzPolZb","seja",47,"1992-10-21","15:05:00","16:50:00","ToplakLudvik1942",1,"DruzPolZb.1992-10-21.s047-04.sp-367","DruzPolZb.1992-10-21.s047-04.sp-367.11",DruzPolZb.1992-10-21.s047-04.toc-item5,"taxonomy.3.8.7","topic.349","utterance","Ugotavljam, da je predlog izglasovan in so amandmaji uvrščeni v obravnavo."
"parl.DruzPolZb","seja",47,"1992-10-21","15:05:00","16:50:00","ToplakLudvik1942",1,"DruzPolZb.1992-10-21.s047-04.sp-367","DruzPolZb.1992-10-21.s047-04.sp-367.12",DruzPolZb.1992-10-21.s047-04.toc-item5,"taxonomy.3.8.7","topic.349","utterance","In sedaj prosim predstavnico vlade, če želi besedo? Prosim, gospa Martina Lippai, svetovalko vlade v Ministrstvu za kmetijstvo, gozdarstvo in prehrano."
"parl.DruzPolZb","seja",47,"1992-10-21","15:05:00","16:50:00","",0,"DruzPolZb.1992-10-21.s047-04.sp-368","DruzPolZb.1992-10-21.s047-04.sp-368.1",DruzPolZb.1992-10-21.s047-04.toc-item5,"","","speaker","MARTINA LIPPAI:"
"parl.DruzPolZb","seja",47,"1992-10-21","15:05:00","16:50:00","LippaiMartina",0,"DruzPolZb.1992-10-21.s047-04.sp-368","DruzPolZb.1992-10-21.s047-04.sp-368.2",DruzPolZb.1992-10-21.s047-04.toc-item5,"taxonomy.3.8.7","topic.349","utterance","Pozdravljeni! Ta zakon o Skladu kmetijskih zemljišč in gozdov Republike Slovenije je tudi eden od zakonov, ki ima izredno dolgo proceduro sprejemanja v Skupščini. Predlog za izdajo z osnutkom je vlada predložila še kot Izvršni svet v Skupščino julija 1991 hkrati s predlogi zakonov o denacionalizaciji, zadrugah in lastninskem preoblikovanju podjetij, kajti vsi ti zakoni skupaj predstavljajo celoto, v kateri se ureja del lastninjenja sedanjega družbenega premoženja. Po vseh zapletih, ki so bili v zvezi s samim predlogom za izdajo z osnutkom, in potem tudi s predlogom zakona, je v končni fazi potem še vlada v aprilu mesecu predlagala začasno odložitev obravnave predloga zakona zaradi tega, ker je bil v vladi sprejet ekonomski program, v katerem je bila predvidena tudi ustanovitev državne zakladnice, ki naj bi kot organ v sestavi enega od ministrstev pravzaprav vodila celotno premoženje države, med drugim tudi ta kmetijska zemljišča in gozdove, ki naj bi postali last Republike Slovenije. Za upravljanje s temi kmetijskimi zemljišči in gozdovi, skratka za skrb za njihovo obdelavo, za sklepanje pogodb pa bi bil zadolžen ta Sklad kmetijskih zemljišč in gozdov Republike Slovenije, ki naj bi posloval kot javni zavod."
"parl.DruzPolZb","seja",47,"1992-10-21","15:05:00","16:50:00","LippaiMartina",0,"DruzPolZb.1992-10-21.s047-04.sp-368","DruzPolZb.1992-10-21.s047-04.sp-368.3",DruzPolZb.1992-10-21.s047-04.toc-item5,"taxonomy.3.8.7","topic.349","utterance","Zaradi predvidene ustanovitve državne zakladnice je bilo treba potem določene stvari v predlogu zakona še popraviti, kar je vlada naredila z amandmaji iz julija, ki pa so sestavni del tega zakona."
"parl.DruzPolZb","seja",47,"1992-10-21","15:05:00","16:50:00","LippaiMartina",0,"DruzPolZb.1992-10-21.s047-04.sp-368","DruzPolZb.1992-10-21.s047-04.sp-368.4",DruzPolZb.1992-10-21.s047-04.toc-item5,"taxonomy.3.8.7","topic.349","utterance","Ta zakon naj bi torej urejal, po eni strani, status tega sklada; v prehodnih določbah pa je predvideno tudi lastninjenje dela kmetijskih zemljišč in gozdov, ki so sedaj v družbeni lastnini, in sicer od vseh tistih organizacij oz. podjetij, ki se ne bodo lastninila po zakonu o lastninskem preoblikovanju podjetij, in od občin, medtem ko naj bi se zemljišča in gozdovi podjetij, ki se bodo lastnina po zakonu o lastninskem preoblikovanju podjetij, prenesla v last države in s tem v Sklad kmetijskih zemljišč po tem zakonu, ki je v Skupščini kot predlog že tudi vložen in je predviden za obravnavo v naslednjem tednu."
"parl.DruzPolZb","seja",47,"1992-10-21","15:05:00","16:50:00","LippaiMartina",0,"DruzPolZb.1992-10-21.s047-04.sp-368","DruzPolZb.1992-10-21.s047-04.sp-368.5",DruzPolZb.1992-10-21.s047-04.toc-item5,"taxonomy.3.8.7","topic.349","utterance","Torej, ne glede na vse te časovne zaplete, ki so bili, se sedaj nekako časovno ujemata ta predlog zakona o skladu in predlog zakona o lastninskem preoblikovanju podjetij. Zakon o Skladu kmetijskih zemljišč in gozdov pa je treba sprejeti že zaradi sprejetih zakonov, zaradi zakona o denacionalizaciji, po katerem ima ta sklad določeno vlogo; namreč izdajal naj bi priznanice za vsa tista kmetijska zemljišča, ki jih lastniki ne bi želeli dobiti vrnjena v naravi. Torej se ta del zakona o denacionalizaciji ne more izvajati, ker tega sklada ni. Poleg tega je treba realizirati zakon o zadrugah, po katerem so že postala kmetijska zemljišča in gozdovi, ki so jih dobile zadruge neodplačno, last države, sedaj pa pravzaprav nimamo upravljalca s temi zemljišči in se prenosi še ne izvajajo."
"parl.DruzPolZb","seja",47,"1992-10-21","15:05:00","16:50:00","LippaiMartina",0,"DruzPolZb.1992-10-21.s047-04.sp-368","DruzPolZb.1992-10-21.s047-04.sp-368.6",DruzPolZb.1992-10-21.s047-04.toc-item5,"taxonomy.3.8.7","topic.349","utterance","Rada bi ponovno opozorila na to, da je ob sprejemu zakona o denacionalizaciji jasno izhajalo iz njegovih določb, da je potrebno za realizacijo teh določb pravzaprav vsa kmetijska zemljišča in gozdove v družbeni lastnini prenesti skupnemu lastniku in da potem upravlja z njimi ta sklad, ki potem izdaja te vrednostne papirje. Torej je ta skupščina v bistvu to odločitev že sprejela ob zakonu o denacionalizaciji. Zato je sedaj pač treba zadeve izpeljati do konca."
"parl.DruzPolZb","seja",47,"1992-10-21","15:05:00","16:50:00","LippaiMartina",0,"DruzPolZb.1992-10-21.s047-04.sp-368","DruzPolZb.1992-10-21.s047-04.sp-368.7",DruzPolZb.1992-10-21.s047-04.toc-item5,"taxonomy.3.8.7","topic.349","utterance","Glede na amandmaje in na različne pripombe - ki so bile dane tudi ob obravnavi predloga, niti ne v amandmajski obliki, ampak čisto načelne pripombe, ki bi morale biti v bistvu razčiščene v prvi fazi tega zakona, zlasti kar se tiče ustavne podlage - vlada meni, da ustavna podlaga vsekakor je. Veljavna ustava ne govori več o družbeni lastnini, ampak ureja lastnino kot privatno lastnino ali pa javno. Torej je treba na nek način z zakoni, kot je bilo to predvideno v 3. točki 99 amandmaja k Ustavi Republike Slovenije iz leta 1974, v zakonu urediti prehod družbene lastnine v druge lastninske oblike; v tem primeru v javno lastnino, v lastnino države. Zato menimo, da ni razlogov, da bi dvomili v ustavno podlago za takšno lastninjenje."
"parl.DruzPolZb","seja",47,"1992-10-21","15:05:00","16:50:00","LippaiMartina",0,"DruzPolZb.1992-10-21.s047-04.sp-368","DruzPolZb.1992-10-21.s047-04.sp-368.8",DruzPolZb.1992-10-21.s047-04.toc-item5,"taxonomy.3.8.7","topic.349","utterance","Gre pa za vprašanja, kot postavljajo občine, da naj bi del zemljišč oz. gozdov ostal kar sedaj tudi že na občinah. Vendar (kot že rečeno) na takšno rešitev vlada ne more pristati, ker bo sicer breme denacionalizacije prevrženo na tista zemljišča, ki bodo v lasti republike, medtem ko občine k sami denacionalizaciji, zlasti z vidika priznanic in podobnega, s svojimi zemljišči in gozdovi ne bi nič prispevale. Zato je pač treba zadevo izpeljati do konca. Po predlogu zakona pa je predvideno, da se po končani denacionalizaciji in po ureditvi vseh teh razmerij občinam vrnejo tista zemljišča, ki so jih le-te imele pred drugo svetovno vojno oziroma tista zemljišča, ki so potrebna za občine kot lokalne skupnosti. Torej je tudi ta del varovan in bi lahko občine dobile po določenem obdobju določena zemljišča in gozdove nazaj; ne pa vseh."
"parl.DruzPolZb","seja",47,"1992-10-21","15:05:00","16:50:00","LippaiMartina",0,"DruzPolZb.1992-10-21.s047-04.sp-368","DruzPolZb.1992-10-21.s047-04.sp-368.9",DruzPolZb.1992-10-21.s047-04.toc-item5,"taxonomy.3.8.7","topic.349","utterance","Prav tako je poskrbljeno za varnost sedanjih obdelovalcev teh kmetijskih zemljišč in gozdov. Ker tisti, ki obdelujejo ta zemljišča sami, bodo lahko sklepali pogodbe tudi za nadaljnjo obdelavo brez kakršnekoli licitacije in podobnega, ampak se enostavno sklenejo pogodbe, vendar samo za tista zemljišča, ki jih dejansko sami obdelujejo. Ker imamo primere, da je v upravljanju teh družbenih kmetijskih organizacij - čeprav tem po tem zakonu ne bodo odvzeta zemljišča - okrog 6.000 he pri posamezni organizaciji, obdeluje pa dejansko samo 2.000; za preostalih 4.000 pa tako rekoč ne ve, kaj se s temi hektarji dogaja."
"parl.DruzPolZb","seja",47,"1992-10-21","15:05:00","16:50:00","LippaiMartina",0,"DruzPolZb.1992-10-21.s047-04.sp-368","DruzPolZb.1992-10-21.s047-04.sp-368.10",DruzPolZb.1992-10-21.s047-04.toc-item5,"taxonomy.3.8.7","topic.349","utterance","Torej zaradi realizacije vseh že sprejetih zakonov, za pravzaprav omogočanje sprejema in izvajanja tudi zakonov, ki so že vloženi v Skupščino in pa zato, da se na področju kmetijskih zemljišč in gozdov vzpostavijo ustrezne evidence in naredi potreben red, predlagamo, da se ta zakon sprejme, skupaj seveda s predloženimi amandmaji vlade oziroma s tem, kar je dala kot sestavno besedilo in nekaterimi, ki jih vlada tudi podpira. Hvala lepa."
"parl.DruzPolZb","seja",47,"1992-10-21","15:05:00","16:50:00","",0,"DruzPolZb.1992-10-21.s047-04.sp-369","DruzPolZb.1992-10-21.s047-04.sp-369.1",DruzPolZb.1992-10-21.s047-04.toc-item5,"","","speaker","PREDSEDNIK DR. LUDVIK TOPLAK:"
"parl.DruzPolZb","seja",47,"1992-10-21","15:05:00","16:50:00","ToplakLudvik1942",1,"DruzPolZb.1992-10-21.s047-04.sp-369","DruzPolZb.1992-10-21.s047-04.sp-369.2",DruzPolZb.1992-10-21.s047-04.toc-item5,"taxonomy.3.8.7","topic.349","utterance","Hvala lepa, gospe Martini Lippaijevi. Prosim, poročevalce delovnih teles. Prosim, gospod Potočnik."
"parl.DruzPolZb","seja",47,"1992-10-21","15:05:00","16:50:00","",0,"DruzPolZb.1992-10-21.s047-04.sp-370","DruzPolZb.1992-10-21.s047-04.sp-370.1",DruzPolZb.1992-10-21.s047-04.toc-item5,"","","speaker","FRANC POTOČNIK:"
"parl.DruzPolZb","seja",47,"1992-10-21","15:05:00","16:50:00","PotočnikFranc1955",0,"DruzPolZb.1992-10-21.s047-04.sp-370","DruzPolZb.1992-10-21.s047-04.sp-370.2",DruzPolZb.1992-10-21.s047-04.toc-item5,"taxonomy.3.8.7","topic.349","utterance","Spoštovane gospe in gospodje. Kot ste že slišali v uvodnih besedah, je ta zakon šel eno čudno pot. Tako imate pred seboj samo dodatno poročilo Odbora za kmetijstvo in gozdarstvo, medtem ko tisto osnovno poročilo je bilo seveda že pred počitnicami v juniju izdano in verjetno ga nimate s seboj. Povedal bi vam, kakšni so bili sklepi Odbora za kmetijstvo in gozdarstvo kot matičnega delovnega telesa, ki so bili skoraj soglasno sprejeti."
"parl.DruzPolZb","seja",47,"1992-10-21","15:05:00","16:50:00","PotočnikFranc1955",0,"DruzPolZb.1992-10-21.s047-04.sp-370","DruzPolZb.1992-10-21.s047-04.sp-370.3",DruzPolZb.1992-10-21.s047-04.toc-item5,"taxonomy.3.8.7","topic.349","utterance","Prvo je ugotovitev, da je zakon nujno potreben iz dveh razlogov: iz razlogov za nemoten potek dela denacionalizacije in potem iz drugega razloga, da se lahko spelje ta strategija razvoja slovenskega kmetijstva, pri katerem je tudi mišljena enotna politika gospodarjenja s kmetijskimi zemljišči in gozdovi. Vendar ta zakon v osnovnem tekstu v celoti tega ne omogoča, zato je odbor sprejel več amandmajev, ki bi jih lahko razdelil v tri sklope. Prvi sklop amandmajev - gre za tiste začetne amandmaje oziroma tam okrog člena 5 - gre za to, da odbor z njimi predlaga, da je nadzor nad delom sklada kmetijskih zemljišč in gozdov poverjen Skupščini. S tem v zvezi je potem tudi v amandmaju napisano, kdo naj postavlja člane upravnega odbora, direktorja itd. 10. člen je drugi sklop, ko gre za finančne stvari; in sicer gre za to, da smo bili v odboru večinskega mnenja, da se eventualni likvidnostni presežki v toku leta avtomatsko ne prelivajo v državni, proračun ampak da se sicer lahko prelivajo ob soglasju sklada. Namreč, tukaj je bila bojazen, da bi glede na to, da bo precej funkcij in nalog sklada sezonske narave, da bi lahko v nekem času bil likvidnostni presežek, ta denar bi šel avtomatsko v proračun; in potem, ko bi bilo nekatere naloge sezonskega značaja potrebno izvršiti, denarja enostavno ne bi bilo. Skratka ne nasprotujemo temu, da se ta denar v proračunu uporablja, ampak ob soglasju sklada."
"parl.DruzPolZb","seja",47,"1992-10-21","15:05:00","16:50:00","PotočnikFranc1955",0,"DruzPolZb.1992-10-21.s047-04.sp-370","DruzPolZb.1992-10-21.s047-04.sp-370.4",DruzPolZb.1992-10-21.s047-04.toc-item5,"taxonomy.3.8.7","topic.349","utterance","Najpomembnejši pa se mi zdi amandma odbora k 13. členu. Bistvo tega amandmaja je, da pridejo v sklad vsa kmetijska zemljišča in gozdovi v Sloveniji. Namreč v tekstu zakona kot je, je glavni ali pa večinski del kmetijskih zemljišč iz tega izpuščen in zato menimo v odboru, da pravzaprav, če ta amandma ne bo sprejet, zakon kot takšen ne dosega svojega namena in ga potem kot takšnega tudi ne moremo sprejeti. Tukaj gre za to, da bi - v tem členu se govori, da bi se pretežni del kmetijskih zemljišč lastninilo v skladu z zakonom o lastninskem preoblikovanju podjetij oziroma zakonom o lastninjenju; vendar tukaj je ena od pomembnih stvari to, da v 68. členu ustave piše, da nad kmetijskimi zemljišči tujci ne morejo biti lastniki oziroma nad nepremičninami. S tem v zvezi menimo, da pravzaprav se kmetijska zemljišča ne morejo lastniniti enako kot ostala podjetja. To je eden od razlogov, zakaj smo ta amandma k 13. členu vložili. Drugi je pa ta, da menimo, da so kmetijska zemljišča in gozdovi v veliki meri splošna, narodna dobrina in da mora biti ta stvar pod kontrolo države, kako bomo s tem gospodarili. In le na takšen način, da vsa kmetijska zemljišča in gozdovi pridejo v ta sklad, zagotovimo, da bo obdelava in pridelava na teh kmetijskih zemljiščih v skladu z razvojno strategijo oziroma strategijo razvoja slovenskega kmetijstva, ki jo bomo pa itak morali tukaj v skupščini sprejeti. Ob tem pa, kot je že predstavnica vlade omenila, ne obstoja bojazen, da bi sedanji upravljalci teh družbenih kmetijskih zemljišč avtomatsko izgubili to pravico, saj v zakonu v nekih členih pač piše, da vlada oziroma sklad podeli koncesijo oziroma sklene pogodbo z dosedanjim upravljalcem teh zemljišč, če seveda ta zemljišča obdelujejo v skladu s sprejetimi načeli oziroma v skladu s to našo kmetijsko politiko."
"parl.DruzPolZb","seja",47,"1992-10-21","15:05:00","16:50:00","PotočnikFranc1955",0,"DruzPolZb.1992-10-21.s047-04.sp-370","DruzPolZb.1992-10-21.s047-04.sp-370.5",DruzPolZb.1992-10-21.s047-04.toc-item5,"taxonomy.3.8.7","topic.349","utterance","Torej, da rezimiram. Odbor meni, da je ta zakon nujno potreben, da lahko speljemo denacionalizacijo in da ima ta strategija razvoja kmetijstva, ki bo slej ko prej prišla v Skupščino tudi svoj temelj, vendar ta zakon je sprejemljiv pod pogojem, če se sprejmejo ti amandmaji Odbora za kmetijstvo in gozdarstvo; predvsem mislim tukaj na amandma k 13. členu zakona. Hvala."
"parl.DruzPolZb","seja",47,"1992-10-21","15:05:00","16:50:00","",0,"DruzPolZb.1992-10-21.s047-04.sp-371","DruzPolZb.1992-10-21.s047-04.sp-371.1",DruzPolZb.1992-10-21.s047-04.toc-item5,"","","speaker","PREDSEDNIK DR. LUDVIK TOPLAK:"
"parl.DruzPolZb","seja",47,"1992-10-21","15:05:00","16:50:00","ToplakLudvik1942",1,"DruzPolZb.1992-10-21.s047-04.sp-371","DruzPolZb.1992-10-21.s047-04.sp-371.2",DruzPolZb.1992-10-21.s047-04.toc-item5,"taxonomy.3.8.7","topic.349","utterance","Hvala lepa gospodu Potočniku. Še kdo od poročevalcev delovnih teles? Če ne, odpiram razpravo. Za razpravo so prijavljeni - do sedaj nobeden. Odpiram razpravo. Gospod Ciril Kolešnik."
"parl.DruzPolZb","seja",47,"1992-10-21","15:05:00","16:50:00","",0,"DruzPolZb.1992-10-21.s047-04.sp-372","DruzPolZb.1992-10-21.s047-04.sp-372.1",DruzPolZb.1992-10-21.s047-04.toc-item5,"","","speaker","CIRIL KOLEŠNIK:"
"parl.DruzPolZb","seja",47,"1992-10-21","15:05:00","16:50:00","KolesnikCiril",0,"DruzPolZb.1992-10-21.s047-04.sp-372","DruzPolZb.1992-10-21.s047-04.sp-372.2",DruzPolZb.1992-10-21.s047-04.toc-item5,"taxonomy.3.8.7","topic.349","utterance","Spoštovani! Gospod Potočnik je dal dobro iztočnico; namreč rekel je - čudna pot zakona. Nič kaj čudna pot za čuden zakon. Namreč, razlagati in trditi, da je ta zakon bistven za izvajanje zakona o denacionalizaciji je malo prehuda. Prvič, ta zakon zakona o denacionalizaciji ali izvajanje zakona ne bo rešil. To trdim, ker ga izvajamo že zdaj. Ni res tisto, kar gospa Martina Lippai govori, da se zdaj ne izvaja. Ne vem, koliko ima podatkov, ampak v naši občini se izvaja. Torej ustanovitev sklada ni potrebna za to. Na koncu koncev to dokazujem tudi s tem, ker je država v dveh letih nazaj zagotavljala določena sredstva, s katerimi smo občine odkupovale zemljo prav za to, da bi potem izvajali zakon o denacionalizaciji. In takšne pogodbe smo mi tudi z vlado podpisovali oziroma z ministrstvom, da bomo to zemljo vračali potem v primerih, ko bi bilo potrebno, ko ne bi bilo moč vrniti tiste zemlje, katera je bila vzeta potencialnim bivšim lastnikom oziroma zdaj novim lastnikom, da jim vrnemo potem to zemljo. Drugače povedano, vam dam primer. Recimo, če bo sklad - predpostavimo da bo sklad, jaz pa trdno upam, da ne bo - da ima ta sklad zemljo v Prekmurju, potencialnega lastnika v Bukovšku, to je v občini Brežice, in bo seveda, ker je državni sklad, recimo temu lastniku vrnjena zemlja v Prekmurju. Lastnik pa živi v Bukovšku. Mislim, da to ne gre. Se pravi, da bo zemlja verjetno vrnjena v neposredni bližini, kar lahko povsem zagotovi občina in ni nobene potrebe, da imamo državni sklad. Zaradi tega razloga govorim."
"parl.DruzPolZb","seja",47,"1992-10-21","15:05:00","16:50:00","KolesnikCiril",0,"DruzPolZb.1992-10-21.s047-04.sp-372","DruzPolZb.1992-10-21.s047-04.sp-372.3",DruzPolZb.1992-10-21.s047-04.toc-item5,"taxonomy.3.8.7","topic.349","utterance","Kar se tiče zadeve, ko se pravi strategija kmetijskega razvoja - drugi razlog s katerim se opravičuje ta zakon - bi vprašal predlagatelje, gospe in gospode, kje pa je zakon o, recimo, kmetijstvu, pa zakon o kmetijskih zemljiščih. To so osnovni zakoni, brez katerih ne more biti sprejet in uveljavljen zakon o skladu kmetijskih zemljišč. Da je to res tako, vam sami predlagatelji povedo, saj razlagajo - recimo, vlada razlaga na 7 strani odgovorov na amandmaje, kjer pravi: ""zakon tudi ne pomeni, nacionalizacije premoženja občin"", kar ni res. To je prvi zakon, ki legalno nacionalizira kakršnokoli premoženje po letu 1991 po ustanovitvi naše države, legalno nacionalizira. Neodplačno nacionalizira tisto, kar so občine dolga in dolga leta kupovale oziroma si z neko politiko zbiranja nekega premoženja - mi pa letos uvajamo premoženjske bilance, kar je izjemno pomembno, to je samo mimogrede povedano - sedaj država to premoženje nam jemlje. In jaz vas vprašam, ali ni to nacionalizacija in neodplačana nacionalizacija? In odgovor, tu v drugem odstavku pravi, da pa bi lokalnim skupnostim omogočili vračilo dela kmetijskih zemljišč. Vprašam vas, katera vlada in s kakšno garancijo bo to dala. Niti ta niti bodoča vlada te garancije ne daje. Tu nas hoče oslepiti oziroma meče pesek v oči. No, naprej: ""zemljišč in gozdov, katerih lastniki so bili"" je v 17. členu predloga zakona predvideno, ""da se jim po končani denacionalizaciji vrnejo nekatera zemljišča in gozdovi. Do takrat bo tudi že vzpostavljena nova upravna ureditev lokalnih skupnosti. S prenosom vseh kmetijskih zemljišč in gozdov v lasti Republike Slovenije se pravzaprav varujejo"", kar je zelo smešno, ""tudi pravice bodočih lokalnih skupnosti pred morebitnimi zlorabami tega premoženja v tem prehodnem obdobju."" S tem je vlada povedala, da trdi, jaz pa zdaj tako razumem, da so zdajšnje občine nezanesljive, nezaupanja vredne občine oziroma skupnosti, katerim je treba čim prej vse pobrati, ker so recimo, ne vem, ali kriminalne ali ne vem kakšne. Mislim, da je to zelo težka obtožba, kar bo vlada morala zelo detajlno, podrobno razložiti. Ker to je prehudo trditi, da so zdajšnje občine potratne, kriminalne in nezaupanja vredne. Torej sistem, ki v tem trenutku ne velja. To v tem odstavku med vrsticami piše. Jaz si drugače tega ne znam razlagati. Se pravi, da bodo boljše lokalne skupnosti po zakonu o lokalni skupnosti, recimo. Mislim, da je to nekaj nezaslišanega, kar si vlada lahko dovoli reči o lokalnih skupnosti. (Da, med vrsticami. Prav ima gospod Školč, kot vedno.)"
"parl.DruzPolZb","seja",47,"1992-10-21","15:05:00","16:50:00","KolesnikCiril",0,"DruzPolZb.1992-10-21.s047-04.sp-372","DruzPolZb.1992-10-21.s047-04.sp-372.4",DruzPolZb.1992-10-21.s047-04.toc-item5,"taxonomy.3.8.7","topic.349","utterance","Da nadaljujem zadevo. Se pravi tudi ta stvar ne drži, da ne bi te občine zmogle tega bremena. Do sedaj so ga, mislim, da ga tudi naprej lahko. In trdim, da bi na ta način, kot se sedaj poskuša, v bistvu kršili ustavo in na koncu koncev tudi to, kar je ustava zagotovila, da imajo lokalne skupnosti svoje premoženje, sedaj s takim zakonom seveda odvzemamo."
"parl.DruzPolZb","seja",47,"1992-10-21","15:05:00","16:50:00","KolesnikCiril",0,"DruzPolZb.1992-10-21.s047-04.sp-372","DruzPolZb.1992-10-21.s047-04.sp-372.5",DruzPolZb.1992-10-21.s047-04.toc-item5,"taxonomy.3.8.7","topic.349","utterance","Naslednja zadeva, ki je v tem delu izjemno pomembna. Gre za to, da se nadaljuje tendenca centralizacije. To je spet eden izmed tistih zakonov, ki v bistvu centralizira v centru vse odločanje, upravljanje, vendar pušča odgovornost za posledice v prostoru lokalnih skupnosti; nam v prostoru prepušča vse posledice. Da je to res, več ali manj vsi veste, ker konec koncev vsi prihajamo iz nekega ožjega prostora, in da se bomo morali ukvarjati s posledicami. Kolikor bi vlada tudi to odvzela oziroma prevzela, potem ne bi bil tu problem; bil bi veliko manjši problem. Poglejte naprej. V tem smislu kot na drugih področjih tudi tu, ko nimamo še niti zakona o varstvu okolja, ko nimamo zakona o urejanju prostora, prihajamo z zakonom o skladu kmetijskih zemljišč, kar vlada trdi v eni izmed razlag, pravi recimo, da občine niso zagotovile ustreznega varstva kmetijskih zemljišč. Jaz trdim, da to ni res. To vam lahko dokazujem tudi s tem, ker vlada - prejšnja ali pa zdajšnja pa tudi predprejšnje vlade - so bore malo naredile, da bi občine lahko dejansko izvajale politiko varstva kmetijskih zemljišč, ampak objektivno politiko varstva kmetijskih zemljišč. Jaz trdim, da to ni mogoče. Primer. Mi smo zavarovali vsa kmetijska zemljišča, v bistvu pa nismo dali nobenega razvoja tem demografsko ogroženim območjem ali pa tudi drugim območjem, nobenega razvoja. Nismo priznali niti na varstvo kmetijskih zemljišč nobene rente, prostor smo pustili, da se ukvarja sam s seboj in enostavno v tem smislu ne damo niti možnosti razvoja. S tem dokazujem, da je varstvo kmetijskih zemljišč, tako kot je zapisano oziroma se zahteva, nemogoče. Ali pa je sedaj možno, da bo na novo ustanovljen sklad funkcioniral normalno in da bo uresničeval strategijo kmetijskega razvoja, je veliko vprašanje. Trdim, da to ni možno. Recimo, poglejte dopis. Prišel je dopis v občine včeraj, predvčerajšnjim: navodilo o aktivnostih za ustanovitev zemljiške službe v Sloveniji. Vlada, ministrstvo, ne vem, če za to minister ve, tu podpisa ni, piše zanj, nekdo se je podpisal, se ne da čitati, ne vem če je to točno, težko je prebrati - vendar to navodilo je bilo izdano. Navodilo gre v bistvu preko še ne sprejetega zakona oziroma že izvaja oziroma se ustanavlja ta sklad sicer kot neka služba pri ministrstvu in gre, seveda, za hrbtom zakonodaje, ki še ni sprejeta oziroma gre za hrbtom skupščine in se ta služba v bistvu že ustanavlja. In da bo hec največji, gospa Lukežičeva in Andrej Cankar sta tisti dve kontaktni osebi, kateri sta zadolženi, da se ta služba ne glede na to ali bo ta zakon sprejet ali ne bo sprejet, zadolženi, da kontaktirata z občinami. Seveda zahtevajo od občin, da vse premoženje sporočimo gor, celo računalnike in vse to, kar naj bi bivši skladi imeli, skratka tistih še pred letom 1990, še v socializmu, da vse to prenesemo z dobro voljo seveda v ministrstvo oziroma v državo in si med nalogami zapišejo to zadevo in pravijo, recimo, da bo takšen sklad poskrbel za to, da bo vzdrževanje strokovnih podlag za potrebe kmetijskega, prostorskega planiranja kot npr. kategorizacija agro kart itd. Ustavimo se pri agro karti. Agro karta je stvar, ki vztraja v Sloveniji že 6 let. 6 let niso uspeli - gospa Lukežičeva, kolikor se spomnim, ker pač to zadevo malo bližje od prejšnjih služb poznam, to zadevo pelje - to ubogo agro karto nismo uspeli v 6, 7 letih narediti; kar naenkrat pa jo bo uspel sklad narediti. Pa za božjo voljo, ali bo res tak sklad petih šestih ljudi, ali ne vem kolikih, petdesetih, šestdesetih ljudi, uspel to agro karto narediti, če cela vesoljna planerska Slovenija to ni uspela v 6 letih narediti."
"parl.DruzPolZb","seja",47,"1992-10-21","15:05:00","16:50:00","KolesnikCiril",0,"DruzPolZb.1992-10-21.s047-04.sp-372","DruzPolZb.1992-10-21.s047-04.sp-372.6",DruzPolZb.1992-10-21.s047-04.toc-item5,"taxonomy.3.8.7","topic.349","utterance","Hočem povedati to, da razlogi, s katerimi se opravičuje ustanovitelj sklada, so zelo plehki. Zato smo se mi povezali s sosednjimi občinami in vsemi občinami v Sloveniji in od njih vseh dobili več ali manj podporo. Tu imam samo par pismenih podpor, kjer ugotavljajo isto kot mi, da gre v bistvu za nacionalizacijo občinskega premoženja v trenutku, ko poudarjamo premoženjske bilance, ko na koncu koncev smo resnično z ustavo zapisali, da so lokalne skupnosti tista osnovna jedra, ki planirajo, ki upravljajo in se ukvarjajo predvsem s prostorom in infrastrukturo - da ne navajam, kaj vse naj bi lokalne skupnosti delale - vse to se naj bi sedaj preneslo na državo. Potem vas pa resnično vprašam, ali v tem smislu še obstaja kakršenkoli smisel obstoja lokalnih skupnosti, če še to zadevo vzamemo?"
"parl.DruzPolZb","seja",47,"1992-10-21","15:05:00","16:50:00","KolesnikCiril",0,"DruzPolZb.1992-10-21.s047-04.sp-372","DruzPolZb.1992-10-21.s047-04.sp-372.7",DruzPolZb.1992-10-21.s047-04.toc-item5,"taxonomy.3.8.7","topic.349","utterance","Zaradi tega, kot pravim, smo s predlogom med občinami prišli, da bi 13. člen v predlogu zakona črtali. Možno je tudi, mi nismo proti, da se ustanovi zakon o skladu kmetijskih zemljišč, naj država zagotovi sredstva, naj zemljišče kupuje in ga naj seveda uporablja za svoje potrebe s tem, da ne prihaja do odvzemanja zemljišč občinam. To je možno, čeprav po drugi strani trdim, da takšen sklad, kot je zamišljen, je v zraku oziroma je nepotreben. Ni nobene potrebe, da bi sklad o kmetijskih zemljiščih imeli. Je pa potreba po zakonu o kmetijstvu, pa po zakonu o kmetijskih zemljiščih prav gotovo, kjer se moramo opredeliti kaj pomeni kategorija kmetijskih zemljišč. Ali je to planibilna kategorija ali ni planibilna kategorija. Zakaj? Ker so kmetijska zemljišča enakovredna vsem ostalim zemljiščem in morajo biti podvržena tudi planiranju; seveda objektivno zrelemu planiranju, kar mislim, da pravna država lahko zagotovi. Ob tem pa to planiranje seveda ne sme biti ozko, niti zaščita kmetijskih zemljišč ne sme biti ozka. Jaz se strinjam s tistimi, ki pravijo, da je zaščita kmetijskih zemljišč pomembna, vendar skozi zaščito kmetijskih zemljišč je potrebno, da mora tistemu prostoru, ki ima veliko kmetijskih zemljišč, ki so za državo pomembna, država zagotoviti ustrezno rento oziroma ustrezno nadomestilo, kajti s samim varovanjem kmetijskih zemljišč temu prostoru še ni zagotovljen noben dohodek niti ni nobene možnosti razvoja."
"parl.DruzPolZb","seja",47,"1992-10-21","15:05:00","16:50:00","KolesnikCiril",0,"DruzPolZb.1992-10-21.s047-04.sp-372","DruzPolZb.1992-10-21.s047-04.sp-372.8",DruzPolZb.1992-10-21.s047-04.toc-item5,"taxonomy.3.8.7","topic.349","utterance","To so tista vprašanja na katerih moramo vztrajati, da se rešijo, ne pa na ustanovitvi nekega sklada, ki bo - berem iz tega navodila, ker to je verjetno sedaj delno spremenjen načrt - zaposlil toliko in toliko ljudi, v vsaki občini po enega človeka. Na koncu koncev že sedaj lahko te ljudi imamo. Večina občin, ki so kmetijsko pomembne, ima sekretariat kmetijskih zemljišč, ki lahko v okviru v katerem so, zagotovijo vso normalno službo v prostoru oziroma na področju gospodarjenja s kmetijskimi zemljišči. Enako potem naprej tudi konec koncev sredstva zagotavljajo občine, kot jih naj bi zagotavljala republika. Ne vidim razloga in pomena, zakaj sklad kmetijskih zemljišč. Samo zaradi denacionalizacije in pa za uresničitev strategije kmetijskega razvoja prav gotovo ne, ker: prvič, pri prvi denacionalizaciji poteka, mi smo zavezani s pogodbami z državo, da ta zemljišča vračamo po postopkih in pa po rešenih primerih; kar se tiče pa strategije kmetijskega razvoja sem pa povedal, da manjkajo osnovni zakoni in ta zakon bo v zraku in ne pomeni nič. Praktično nič."
"parl.DruzPolZb","seja",47,"1992-10-21","15:05:00","16:50:00","KolesnikCiril",0,"DruzPolZb.1992-10-21.s047-04.sp-372","DruzPolZb.1992-10-21.s047-04.sp-372.9",DruzPolZb.1992-10-21.s047-04.toc-item5,"taxonomy.3.8.7","topic.349","utterance","Kar se tiče zadeve premoženj, sem pa tudi povedal, da na ta način v bistvu bistveno osiromašimo občine. Da vam ne povem, posebno tiste občine, kot so Lenart ali še bolj revne občine, imajo vse bogastvo, ki ga imajo, v kmetijskih zemljiščih."
"parl.DruzPolZb","seja",47,"1992-10-21","15:05:00","16:50:00","KolesnikCiril",0,"DruzPolZb.1992-10-21.s047-04.sp-372","DruzPolZb.1992-10-21.s047-04.sp-372.10",DruzPolZb.1992-10-21.s047-04.toc-item5,"taxonomy.3.8.7","topic.349","utterance","Teh primerov bi še lahko navajal veliko. Opozarjam pa na to, da karkoli bomo mi sklenili, če ne bomo sklenili tako kot predlagamo, se pravi da izglasujemo predlagane amandmaje in da na koncu koncev ne izglasujemo zakona, prevzemamo odgovornost za lokalne skupnosti oziroma prevzemamo odgovornost za vse posledice. Na ta način se bo zgodilo, da bodo iz centra vršeni poskusi oziroma se bo poskušalo gospodariti s temi kmetijskimi zemljišči, kar bo najmanj toliko sporno, kot se danes trdi, kot trdi vlada ali pa Ministrstvo za kmetijstvo, da je to sporno na nivoju občin. Jaz trdim, da na nivoju občin to z gospodarjenjem s kmetijskimi zemljišči ni sporno, ker mi za svoje probleme ožje vemo in jih znamo reševati, iz centra bo pa to veliko težje oziroma bo veliko pristransko."
"parl.DruzPolZb","seja",47,"1992-10-21","15:05:00","16:50:00","KolesnikCiril",0,"DruzPolZb.1992-10-21.s047-04.sp-372","DruzPolZb.1992-10-21.s047-04.sp-372.11",DruzPolZb.1992-10-21.s047-04.toc-item5,"taxonomy.3.8.7","topic.349","utterance","Jaz pričakujem torej od vas, da boste podprli najmanj amandmaje, katere predlagam - za mano stoji več kot polovica občin v Sloveniji z vso podporo, katero lahko tudi dokazujem - in na koncu koncev, da boste podprli vse tiste, ki trdijo, da je potrebno najprej sprejeti sistemsko zakonodajo, torej najprej zakon o kmetijstvu in zakon o kmetijskih zemljiščih in šele nato zakon o skladu kmetijskih zemljišč. To je prava pot. Vse ostalo je velika napaka, ki jo bomo morali oziroma jo bodo morali tisti, ki bodo prišli za nami, zelo hitro popravljati z veliko težjimi posledicami kot pa so danes v prostoru. Hvala."
"parl.DruzPolZb","seja",47,"1992-10-21","15:05:00","16:50:00","",0,"DruzPolZb.1992-10-21.s047-04.sp-373","DruzPolZb.1992-10-21.s047-04.sp-373.1",DruzPolZb.1992-10-21.s047-04.toc-item5,"","","speaker","PODPREDSEDNIK ANTON PERŠAK:"
"parl.DruzPolZb","seja",47,"1992-10-21","15:05:00","16:50:00","PersakAnton1947",1,"DruzPolZb.1992-10-21.s047-04.sp-373","DruzPolZb.1992-10-21.s047-04.sp-373.2",DruzPolZb.1992-10-21.s047-04.toc-item5,"taxonomy.3.8.7","topic.349","utterance","Hvala. Gospa Lippaijeva je prosila za odgovor."
"parl.DruzPolZb","seja",47,"1992-10-21","15:05:00","16:50:00","",0,"DruzPolZb.1992-10-21.s047-04.sp-374","DruzPolZb.1992-10-21.s047-04.sp-374.1",DruzPolZb.1992-10-21.s047-04.toc-item5,"","","speaker","MARTINA LIPPAI:"
"parl.DruzPolZb","seja",47,"1992-10-21","15:05:00","16:50:00","LippaiMartina",0,"DruzPolZb.1992-10-21.s047-04.sp-374","DruzPolZb.1992-10-21.s047-04.sp-374.2",DruzPolZb.1992-10-21.s047-04.toc-item5,"taxonomy.3.8.7","topic.349","utterance","Vidim, da se je gospod Kolešnik zelo dobro pripravil na tole. Vendar moram nekatere stvari ponovno povedati, pa tudi odgovoriti na nekatere njegove trditve. Jaz nisem rekla, da se zakon o denacionalizaciji ne more izvajati. Jaz sem rekla, da se ne more izvajati tisti del, ki ureja priznanice - in upam, da je to zabeleženo, pa bomo lahko pogledali. Povedala sem tudi, da je po zakonu o zadrugah že sprejeto, da se prenesejo v ta sklad, ki ga ni, kmetijska zemljišča in gozdovi, ki so jih zadruge dobile neodplačano; tudi ta zakon je ta skupščina sprejela. Vlada je že določila predlog zakona o gozdovih in predlog zakona o lastninskem preoblikovanju podjetij, ki te stvari tudi zaokrožujeta in dograjujeta. Ta dva zakona sta že v Skupščini. Zakona o kmetijstvu in zakona o kmetijskih zemljiščih še nimamo, ker se pač hkrati čisto vseh stvari ne da narediti, pa morda bo gospod Kolešnik razumel, da če z enim zakonom, pa naj bo to sklad kmetijskih zemljišč ali pa zadruge, porabimo 5 krat več časa, kolikor je sploh bilo predvideno, da se drugih pač ne da v isti sestavi delati. To je opravičilo, zakaj zakona o kmetijskih zemljiščih še ni, vendar, zakon o kmetijskih zemljiščih, kar se tiče kmetijskih zemljišč, dovolj dobro ureja in njihovo varstvo, njihovo planibilnost, kolikor jo pač je. Menimo, da zaradi tega, ker bi sprejeli zakon o skladu, ki bi uredil samo lastninska razmerja, nič pa ne bi posegal v varstvo, nič ne bi posegal v to, kaj se šteje za dobro obdelano zemljišče in vse te zadeve, za to se uporablja zakon o kmetijskih zemljiščih, kar je izrecno v 4. členu predloga zakona v skladu povedano, da sklad gospodari s temi zemljišči in mora zagotoviti gospodarjenje v skladu s strategijo razvoja oziroma politiko kmetijstva, ki jo sprejme Skupščina v skladu z veljavnimi predpisi in pa v skladu s svojimi akti. - torej ni nevarnosti, da zaradi tega, ker zakon o kmetijskih zemljiščih še ni na novo pripravljen glede na vse te novosti, ki so v zakonodaji, ni nobene nevarnosti, da bi s tem varstvo kmetijskih zemljišč ali pa njihova obdelava trpela. Kar se pa zakona o gozdovih tiče, pa je kot predlog vložen."
"parl.DruzPolZb","seja",47,"1992-10-21","15:05:00","16:50:00","LippaiMartina",0,"DruzPolZb.1992-10-21.s047-04.sp-374","DruzPolZb.1992-10-21.s047-04.sp-374.3",DruzPolZb.1992-10-21.s047-04.toc-item5,"taxonomy.3.8.7","topic.349","utterance","Glede nezaupanja občinam, ne bi posebej komentirala. Lahko se razume tudi tako; če pa sami pogledate tudi naokoli, pa je resnično, da se za varstvo kmetijskih zemljišč ni poskrbelo. Če pogledamo, koliko kmetijskih zemljišč - in to najboljših kmetijskih zemljišč, ki jih ima Slovenija izjemno malo - je pozidanih, potem vemo, da je nekdo na teh zemljiščih zidal. Ne rečem, da je to bila vednost samo občine, ampak praviloma so se vsi prostorski akti, vključno z dovoljenji, izdajali na občinah. To se še vedno poskuša; najnovejši primer, ko poskušajo pozidati Mengeško polje: Kar se varstva kmetijskih zemljišč tiče."
"parl.DruzPolZb","seja",47,"1992-10-21","15:05:00","16:50:00","LippaiMartina",0,"DruzPolZb.1992-10-21.s047-04.sp-374","DruzPolZb.1992-10-21.s047-04.sp-374.4",DruzPolZb.1992-10-21.s047-04.toc-item5,"taxonomy.3.8.7","topic.349","utterance","Kar se tiče agro karte. Agro karta - ne 6 let, ampak 12 let se dela. Zadolžene za njeno izdelavo so bile občine. Dokler država za to ni zagotovila denarja, ga občine niso zagotovile. In sedaj se iz državnega nivoja delajo in v glavnem financirajo agro karte."
"parl.DruzPolZb","seja",47,"1992-10-21","15:05:00","16:50:00","LippaiMartina",0,"DruzPolZb.1992-10-21.s047-04.sp-374","DruzPolZb.1992-10-21.s047-04.sp-374.5",DruzPolZb.1992-10-21.s047-04.toc-item5,"taxonomy.3.8.7","topic.349","utterance","Kar se tiče pogodb, ki jih je sklepalo Ministrstvo v okviru sredstev za celostni razvoj podeželja, za odkupe zemljišč, bi prosila, če gospod Kolešnik pokaže pogodbo, v kateri piše, da bodo ta zemljišča uporabljena za denacionalizacijo. Te pogodbe so se sklepale zato, ker so nam hoteli sedaj tujci, prej pa naši sodržavljani iz drugih republik pokupiti kup kmetijskih zemljišč v Sloveniji. Država je intervenirala, zagotovila sredstva občinam, organizacijam, pa tudi posameznikom, da se uveljavljajo prednostne pravice, da nam niso zemljišča prešla v roke tujcem. Prosim pa, če je v kakšni pogodbi napisano, da bo to za denacionalizacijo, prosim, da se jo pokaže Skupščini."
"parl.DruzPolZb","seja",47,"1992-10-21","15:05:00","16:50:00","LippaiMartina",0,"DruzPolZb.1992-10-21.s047-04.sp-374","DruzPolZb.1992-10-21.s047-04.sp-374.6",DruzPolZb.1992-10-21.s047-04.toc-item5,"taxonomy.3.8.7","topic.349","utterance","Potem ravno tako zaradi zemljiške službe. Vi ste sami določene citate iz dopisa prebrali. Jaz prosim, da se prebere cel dopis, ker zemljiška služba je eno, sklad kmetijskih zemljišč in gozdov Republike Slovenije, je pa drugo. Sklad kmetijskih zemljišč in gozdov Republike Slovenije bo samo gospodaril v imenu in za račun države s kmetijskimi zemljišči, ki bodo last te države. Medtem, ko bo zemljiška javna služba v bistvu naslednik kmetijskih zemljiških skupnosti, ki so bile ukinjene s 1.1.1990 zato, da bo izpeljala do konca agro karte, da bo izpeljala do konca vse podlage, strokovne podlage za planiranje. Ker če ne bi država takrat prevzela kategorizacije kmetijskih zemljišč, če ne bi prevzela tudi razvrščanja v območja s sofinanciranjem s strokovno pomočjo tudi gospe Lukažičeve, ki je v vsaki občini pomagala stvari pravzaprav urediti, da smo prišli do strokovnih podlag za plane od 86., 90., ki se še sedaj v prostorskem delu uporabljajo, to ne bi bilo narejeno in varstvo kmetijskih zemljišč, kakršno je v zakonu o kmetijskih zemljiščih predvideno, nebi bilo zagotovljeno. Lahko pa gremo, pogledamo nazaj tudi dokumentacijo, koliko strokovne pomoči je bilo treba, koliko finančnih sredstev, da so se te stvari izpeljale. Torej zemljiška služba ni nobena služba sklada ali pa ni sklad kmetijskih zemljišč, ampak je tista služba, ki bo za vsa kmetijska zemljišča v Republiki Sloveniji skrbela - ne glede na lastnino - za njihovo kategorizacijo, za izdelavo agro kart, za druge strokovne podlage za planiranje in tudi pripravljala prostorske plane tako, kot bo to predvideno po novi prostorski zakonodaji; dokler pa te nove prostorske zakonodaje ni, pa po veljavnem zakonu o urejanju prostora, o posegih v prostor in pa o kmetijskih zemljiščih."
"parl.DruzPolZb","seja",47,"1992-10-21","15:05:00","16:50:00","LippaiMartina",0,"DruzPolZb.1992-10-21.s047-04.sp-374","DruzPolZb.1992-10-21.s047-04.sp-374.7",DruzPolZb.1992-10-21.s047-04.toc-item5,"taxonomy.3.8.7","topic.349","utterance","Prosim gospoda Kolešnika, če je že določene citate iz tega našega dopisa v zvezi z zemljiško službo podal, da jih prebere dosledno in da ne zavaja s takimi citati tega zbora, češ da na skrivaj ali za hrbtom pripravljamo nek desant na občine, ker ne moremo skozi sklad, pa skozi zemljiško službo. Hvala."
"parl.DruzPolZb","seja",47,"1992-10-21","15:05:00","16:50:00","",0,"DruzPolZb.1992-10-21.s047-04.sp-375","DruzPolZb.1992-10-21.s047-04.sp-375.1",DruzPolZb.1992-10-21.s047-04.toc-item5,"","","speaker","PODPREDSEDNIK ANTON PERŠAK:"
"parl.DruzPolZb","seja",47,"1992-10-21","15:05:00","16:50:00","PersakAnton1947",1,"DruzPolZb.1992-10-21.s047-04.sp-375","DruzPolZb.1992-10-21.s047-04.sp-375.2",DruzPolZb.1992-10-21.s047-04.toc-item5,"taxonomy.3.8.7","topic.349","utterance","Hvala. Gospod Kolešnik prosi za repliko."
"parl.DruzPolZb","seja",47,"1992-10-21","15:05:00","16:50:00","",0,"DruzPolZb.1992-10-21.s047-04.sp-376","DruzPolZb.1992-10-21.s047-04.sp-376.1",DruzPolZb.1992-10-21.s047-04.toc-item5,"","","speaker","CIRIL KOLEŠNIK:"
"parl.DruzPolZb","seja",47,"1992-10-21","15:05:00","16:50:00","KolesnikCiril",0,"DruzPolZb.1992-10-21.s047-04.sp-376","DruzPolZb.1992-10-21.s047-04.sp-376.2",DruzPolZb.1992-10-21.s047-04.toc-item5,"taxonomy.3.8.7","topic.349","utterance","Najprej okoli pogodb. Res je tudi, da so se odkupovala zemljišča, da jih ne bi odkupili Albanci, Neslovenci itd. To je tudi res. Vendar v pogodbi tudi piše, da za potrebe države se tudi uporabljajo in pogovarjali smo se tudi o denacionalizaciji, gospa, pogovarjali smo se tudi o denacionalizaciji za potrebe države. Pod temi pogoji smo jih tudi v preteklem letu kupovali, za potrebe denacionalizacije."
"parl.DruzPolZb","seja",47,"1992-10-21","15:05:00","16:50:00","KolesnikCiril",0,"DruzPolZb.1992-10-21.s047-04.sp-376","DruzPolZb.1992-10-21.s047-04.sp-376.3",DruzPolZb.1992-10-21.s047-04.toc-item5,"taxonomy.3.8.7","topic.349","utterance","Kar se tiče tega, ko ste rekli, da se ta zemljiška služba ustanavlja, torej bomo imeli dve službi, verjetno je tudi to res. Tu imamo ustanavljanje ene službe in tu imamo ustanavljanje sklada - po vašem, ker trdite, da sta to dve različni službi. V tem členu, ko ste rekli, da nisem prebral vsega, točka 5: ""Občine pripravijo pregled premoženja bivših kmetijskih zemljiških skupnosti, ki je bilo preneseno 1.1.1990 na občine (oprema, računalniki in podobno)"" - verjetno se misli na drobni inventar - ""in omogočijo prenos le-tega na zemljiško službo."" V zakonu piše podobno, da gre oprema na ta sklad. Sedaj se pa vi uskladite, na katero bo šlo: ali bo šlo na to službo ali bo šlo sem; če to ni nadomestek tega, potem naredite popravek. Da pa so notri podobne naloge, si poglejte 3. člen - verjetno niste prebrali navodila, ker vi niste omenjeni pri navodilu - pa zakon, poglejte si naloge in boste videli, da se nekje te naloge prepletajo; 4. točka dopisa in 4. člen zakona, pa boste videli, da gre za nekaj podobnega. Res pa - to pa moram reči, da ima gospa Martina Lippai prav - da niso uporabljene iste besede. Zaenkrat ne beremo samo bukvalno, ampak beremo in razumemo drugače, ali poskušamo razumeti tako, kot je mišljeno. Res pa je nekaj, da tako kot je vse to konfuzno, je tudi celota konfuzna."
"parl.DruzPolZb","seja",47,"1992-10-21","15:05:00","16:50:00","KolesnikCiril",0,"DruzPolZb.1992-10-21.s047-04.sp-376","DruzPolZb.1992-10-21.s047-04.sp-376.4",DruzPolZb.1992-10-21.s047-04.toc-item5,"taxonomy.3.8.7","topic.349","utterance","Najprej se zmenite v ministrstvu in predlagajte tiste zakone, za katere ste rekli, da jih niste predlagali. Tisti so osnovni, sklad pride na koncu. Mislim, da je to normalna pot. Hvala."
"parl.DruzPolZb","seja",47,"1992-10-21","15:05:00","16:50:00","",0,"DruzPolZb.1992-10-21.s047-04.sp-377","DruzPolZb.1992-10-21.s047-04.sp-377.1",DruzPolZb.1992-10-21.s047-04.toc-item5,"","","speaker","PODPREDSEDNIK ANTON PERŠAK:"
"parl.DruzPolZb","seja",47,"1992-10-21","15:05:00","16:50:00","PersakAnton1947",1,"DruzPolZb.1992-10-21.s047-04.sp-377","DruzPolZb.1992-10-21.s047-04.sp-377.2",DruzPolZb.1992-10-21.s047-04.toc-item5,"taxonomy.3.8.7","topic.349","utterance","Hvala. Gospod Zagožen, razprava in gospoda Pozsonec, potem pa ni več prijavljenih."
"parl.DruzPolZb","seja",47,"1992-10-21","15:05:00","16:50:00","",0,"DruzPolZb.1992-10-21.s047-04.sp-378","DruzPolZb.1992-10-21.s047-04.sp-378.1",DruzPolZb.1992-10-21.s047-04.toc-item5,"","","speaker","DR. FRANC ZAGOŽEN:"
"parl.DruzPolZb","seja",47,"1992-10-21","15:05:00","16:50:00","ZagozenFrance1942",0,"DruzPolZb.1992-10-21.s047-04.sp-378","DruzPolZb.1992-10-21.s047-04.sp-378.2",DruzPolZb.1992-10-21.s047-04.toc-item5,"taxonomy.3.8.7","topic.349","utterance","Spoštovani! Predlagam, da gospodu Kolešniku oprostimo, saj ne ve kaj dela. Popolno zmedo bi naredili, če bi ga poslušali; v tem primeru, namreč, nobena pametna kmetijska politika v prihodnjih 20 letih ni mogoča. Predlaga enostavno, da zakona o skladu ne bi sprejeli, ali da bi črtali vsaj 13. člen. Imamo tudi predlog, kot recimo gospoda Mirana Potrča, za spremembo 13. člena, ki se glasi, amandma: ""razen kmetijskih zemljišč in gozdov, kmetijskih in gozdarskih podjetij in zadrug, ki se bodo lastninila po zakonu o lastninskem preoblikovanju podjetij oziroma zakonu o zadrugah."" Mi bi se torej odločili, da javna zemljišča privatizirano v neke delniške in podobne družbe po zakonu o privatizaciji podjetij. Gospod Kolešnik najbrž računa s tem, da bodo vedno ostale občine take kot so in da bo vedno kralj v svojem malem kraljestvu v Krški občini; a; Brežiški, oprostite. Torej, da ni nobene potrebe po državi; ker če ni potrebe po državi v tem primeru, potem je tudi v drugih podobnih primerih ni. Gre za klasično nalogo države. Povsod po svetu so stvari urejene tako. Država mora voditi neko zemljiško in kmetijsko politiko. Tega ne mora delati prihodnih 250 lokalnih skupnosti, občin. Jaz sem še kako za to, da te občine dobijo svoje premoženje, da dobijo na primer tudi v last gozdove, ker z njimi lahko gospodarijo, da pa ne dobijo v last kmetijske zemlje, ker občine pač ne bodo kmetovale. Eno pametno strukturno kmetijsko politiko pa lahko vodi v celi državi samo država, ne pa občine ločeno druga od druge."
"parl.DruzPolZb","seja",47,"1992-10-21","15:05:00","16:50:00","ZagozenFrance1942",0,"DruzPolZb.1992-10-21.s047-04.sp-378","DruzPolZb.1992-10-21.s047-04.sp-378.3",DruzPolZb.1992-10-21.s047-04.toc-item5,"taxonomy.3.8.7","topic.349","utterance","Če bi sprejeli vse te predloge, ki se v nekaterih amandmajih predlagajo in tudi predloge gospoda Kolešnika, potem bi dejansko ne mogli izpeljati zakona o denacionalizaciji in tudi vaške skupnosti, agrarne skupnosti, ki čakajo na to, da dobijo zemljišča nazaj, bi se obrisale pod nosom, ker bi bilo vse prej po nekih drugih zakonih privatizirano. Samo s tem zakonom je mogoče to zemljo zavarovati, jo dati, kadar bo treba, tudi pravim lastnikom, se pravi denacionalizirati, tudi vaškim skupnostim in gozdove tudi občinam. Jaz se za to zavzemam."
"parl.DruzPolZb","seja",47,"1992-10-21","15:05:00","16:50:00","ZagozenFrance1942",0,"DruzPolZb.1992-10-21.s047-04.sp-378","DruzPolZb.1992-10-21.s047-04.sp-378.4",DruzPolZb.1992-10-21.s047-04.toc-item5,"taxonomy.3.8.7","topic.349","utterance","Brez kmetijskega, državnega kmetijskega sklada dejansko država nima nobenega pravega orodja, da vodi neko strukturno kmetijsko politiko. Moramo se zavedati, da smo 50 let na tem področju izgubili in da imamo 3,5 hektarske kmetije. Kmetijski zemljiški sklad bo imel pomembno vlogo pri tem in to naslednje desetletje. Njegova naloga bo tudi, da bo posegal v promet s kmetijskimi zemljišči, da jih bo prodajal, kupoval, dajal v najem in podobno, da bo s temi posegi v promet s kmetijskimi zemljišči kolikor mogoče tudi preprečeval špekulacije in podobno."
"parl.DruzPolZb","seja",47,"1992-10-21","15:05:00","16:50:00","ZagozenFrance1942",0,"DruzPolZb.1992-10-21.s047-04.sp-378","DruzPolZb.1992-10-21.s047-04.sp-378.5",DruzPolZb.1992-10-21.s047-04.toc-item5,"taxonomy.3.8.7","topic.349","utterance","Apeliram na to, da resno razmislimo, da ta zakon sprejmemo, da sklad, ki bi ga morali ustanoviti že pred dvema letoma, ustanovimo s tem zakonom sedaj, ko je zadnji čas (ker čez eno leto ne bo več časa, če bomo sprivatizirali po nekih drugih zakonih) in da ne naredimo največje napake, ki bi jo ta skupščina naredila, če bi poslušala predloge, na primer gospoda Kolešnika. Hvala."
"parl.DruzPolZb","seja",47,"1992-10-21","15:05:00","16:50:00","ZagozenFrance1942",0,"DruzPolZb.1992-10-21.s047-04.sp-378","DruzPolZb.1992-10-21.s047-04.sp-378.6",DruzPolZb.1992-10-21.s047-04.toc-item5,"taxonomy.3.8.7","topic.349","utterance","Samo trenutek. Tista pripomba, gospod Kolešnik, da gre za nacionalizacijo. Občine niso za lasten denar kupovale zemlje. Lansko leto je te nakupe v celoti pokril državni proračun, prej pa dolga leta 90%, tako kot tudi državnim posestvom. Torej je to dejansko državno, samo da se je vpisalo kot lastnina občin. Hvala."
"parl.DruzPolZb","seja",47,"1992-10-21","15:05:00","16:50:00","",0,"DruzPolZb.1992-10-21.s047-04.sp-379","DruzPolZb.1992-10-21.s047-04.sp-379.1",DruzPolZb.1992-10-21.s047-04.toc-item5,"","","speaker","PODPREDSEDNIK ANTON PERŠAK:"
"parl.DruzPolZb","seja",47,"1992-10-21","15:05:00","16:50:00","PersakAnton1947",1,"DruzPolZb.1992-10-21.s047-04.sp-379","DruzPolZb.1992-10-21.s047-04.sp-379.2",DruzPolZb.1992-10-21.s047-04.toc-item5,"taxonomy.3.8.7","topic.349","utterance","Hvala. Gospod Kolešnik ima repliko, potem pa še dva razpravljalca."
"parl.DruzPolZb","seja",47,"1992-10-21","15:05:00","16:50:00","",0,"DruzPolZb.1992-10-21.s047-04.sp-380","DruzPolZb.1992-10-21.s047-04.sp-380.1",DruzPolZb.1992-10-21.s047-04.toc-item5,"","","speaker","CIRIL KOLEŠNIK:"
"parl.DruzPolZb","seja",47,"1992-10-21","15:05:00","16:50:00","KolesnikCiril",0,"DruzPolZb.1992-10-21.s047-04.sp-380","DruzPolZb.1992-10-21.s047-04.sp-380.2",DruzPolZb.1992-10-21.s047-04.toc-item5,"taxonomy.3.8.7","topic.349","utterance","Če bi gospod Zagožen natančno poslušal, kaj sem rekel, potem sem rekel zelo natančno. Namreč, on je zgrožen ob vsaki besedi, ki ni po njegovem merilu. Tisti trenutek, kar ne gre po njegovem je on zgrožen in ne bere. Jaz sem rekel, da je možno ustanoviti sklad. Sklad se naj ustanovi, vendar ne na občinski zemlji. To je tudi naš amandma, da se 13. člen črta. S tem se zakon lahko sprejme, naj država kupuje zemljo in naj na osnovi tega ustanovi sklad. Da je to možno, razlaga sam predlagatelj, saj govori, da bo manjšim lokalnim skupnostim, ko bo ta vihar sprememb lokalnih skupnosti izgotovljen, da bo zemljo vrnil občinam. Se pravi, da to, kar po eni strani govori gospod Zagožen, ne drži, ker po drugi strani zakon predlaga tudi to vračilo te zemlje občinam. Dejansko v tej skrajnosti gre v bistvu za nacionalizacijo. Drugače si tega ni moč razlagati. Ustava dopušča občinam, da imajo, lokalnim skupnostim, pa kakršnekoli so. Ne gre za Betajnovo, jaz nisem kmet. Na Betajnovem je nekdo drug kraljeval, da se razumemo. Zame ni pomembno, ali je to kraljestvo ali ni, za koga drugega pa je. V tem je sedaj nesoglasje."
"parl.DruzPolZb","seja",47,"1992-10-21","15:05:00","16:50:00","KolesnikCiril",0,"DruzPolZb.1992-10-21.s047-04.sp-380","DruzPolZb.1992-10-21.s047-04.sp-380.3",DruzPolZb.1992-10-21.s047-04.toc-item5,"taxonomy.3.8.7","topic.349","utterance","Drugo. Jasno smo rekli, da premoženje, ki je bilo kupovano v lanskem letu, naj ga država vzame; saj nihče ni rekel, tisti denar, ki ga je država direktno dala v lanskem letu in preteklo leto, naj gre tista zemlja v sklad. Vendar ne tista zemlja, ki jo je kupovala občina, pa kakršnakoli bo. To je premoženje te lokalne skupnosti. In lokalni skupnosti naj to premoženje ostane, ne pa da ga bo nekdo čez pet let dobrohotno vračal v taki ali drugačni obliki. O tem govorim, gospod Zagožen."
"parl.DruzPolZb","seja",47,"1992-10-21","15:05:00","16:50:00","KolesnikCiril",0,"DruzPolZb.1992-10-21.s047-04.sp-380","DruzPolZb.1992-10-21.s047-04.sp-380.4",DruzPolZb.1992-10-21.s047-04.toc-item5,"taxonomy.3.8.7","topic.349","utterance","Kar se pa tiče kmetijske strategije nihče ne zanika, nihče ne pravi, da se ne uresničuje. Vendar končno jo naredite, naredite kmetijsko strategijo. Samo govorimo, nobene strategije pa nimamo. O tem govorim in sklad vam te strategije ne bo rešil in jo tudi uresničeval ne bo, ker je ni."
"parl.DruzPolZb","seja",47,"1992-10-21","15:05:00","16:50:00","KolesnikCiril",0,"DruzPolZb.1992-10-21.s047-04.sp-380","DruzPolZb.1992-10-21.s047-04.sp-380.5",DruzPolZb.1992-10-21.s047-04.toc-item5,"taxonomy.3.8.7","topic.349","utterance","Še to. Pred dvema letoma smo imeli sklad kmetijskih zemljišč - imeli smo ga leta nazaj, tisti SIS - in ta sklad je bil leta 1990 ukinjen. Zakaj ste ga ukinili, zakaj ste predlagali ukinitev? Verjetno ne zato, ker je bil dober. Če bi bil dober, bi še danes verjetno bil. Toliko v odgovor."
"parl.DruzPolZb","seja",47,"1992-10-21","15:05:00","16:50:00","KolesnikCiril",0,"DruzPolZb.1992-10-21.s047-04.sp-380","DruzPolZb.1992-10-21.s047-04.sp-380.6",DruzPolZb.1992-10-21.s047-04.toc-item5,"taxonomy.3.8.7","topic.349","utterance","Sicer pa, kakorkoli že, občine zaradi tega ne bodo propadle. Sicer se bo pa pokazalo, da tisto, kar na eni strani govorimo, smo na drugi strani sposobni pohoditi. Hvala lepa."
"parl.DruzPolZb","seja",47,"1992-10-21","15:05:00","16:50:00","",0,"DruzPolZb.1992-10-21.s047-04.sp-381","DruzPolZb.1992-10-21.s047-04.sp-381.1",DruzPolZb.1992-10-21.s047-04.toc-item5,"","","speaker","PODPREDSEDNIK ANTON PERŠAK:"
"parl.DruzPolZb","seja",47,"1992-10-21","15:05:00","16:50:00","PersakAnton1947",1,"DruzPolZb.1992-10-21.s047-04.sp-381","DruzPolZb.1992-10-21.s047-04.sp-381.2",DruzPolZb.1992-10-21.s047-04.toc-item5,"taxonomy.3.8.7","topic.349","utterance","Najprej ima repliko gospod Zagožen. Potem gospod Potočnik, potem gospod Pučnik."
"parl.DruzPolZb","seja",47,"1992-10-21","15:05:00","16:50:00","",0,"DruzPolZb.1992-10-21.s047-04.sp-382","DruzPolZb.1992-10-21.s047-04.sp-382.1",DruzPolZb.1992-10-21.s047-04.toc-item5,"","","speaker","DR. FRANC ZAGOŽEN:"
"parl.DruzPolZb","seja",47,"1992-10-21","15:05:00","16:50:00","ZagozenFrance1942",0,"DruzPolZb.1992-10-21.s047-04.sp-382","DruzPolZb.1992-10-21.s047-04.sp-382.2",DruzPolZb.1992-10-21.s047-04.toc-item5,"taxonomy.3.8.7","topic.349","utterance","Vsa zemlja, ki je družbena, pa naj z njo upravljajo občine ali državna posestva ali gozdna gospodarstva, je bila ali nacionalizirana ali jo je plačala država. Ne vem, zakaj sedaj gospod Kolešnik predlaga, da bi naj ta država to isto zemljo, ki jo je že plačala, kupovala še enkrat."
"parl.DruzPolZb","seja",47,"1992-10-21","15:05:00","16:50:00","",0,"DruzPolZb.1992-10-21.s047-04.sp-383","DruzPolZb.1992-10-21.s047-04.sp-383.1",DruzPolZb.1992-10-21.s047-04.toc-item5,"","","speaker","PODPREDSEDNIK ANTON PERŠAK:"
"parl.DruzPolZb","seja",47,"1992-10-21","15:05:00","16:50:00","PersakAnton1947",1,"DruzPolZb.1992-10-21.s047-04.sp-383","DruzPolZb.1992-10-21.s047-04.sp-383.2",DruzPolZb.1992-10-21.s047-04.toc-item5,"taxonomy.3.8.7","topic.349","utterance","Hvala. Gospod Pučnik."
"parl.DruzPolZb","seja",47,"1992-10-21","15:05:00","16:50:00","",0,"DruzPolZb.1992-10-21.s047-04.sp-384","DruzPolZb.1992-10-21.s047-04.sp-384.1",DruzPolZb.1992-10-21.s047-04.toc-item5,"","","speaker","IVAN PUČNIK:"
"parl.DruzPolZb","seja",47,"1992-10-21","15:05:00","16:50:00","PucnikIvan1927",0,"DruzPolZb.1992-10-21.s047-04.sp-384","DruzPolZb.1992-10-21.s047-04.sp-384.2",DruzPolZb.1992-10-21.s047-04.toc-item5,"taxonomy.3.8.7","topic.349","utterance","Spoštovani! Zakon o skladu naj bi bil eden izmed temeljev zemljiške politike. Mi vemo, kaj vse smo z zemljo počeli, nima smisla, da ugotavljamo dobro ali slabo. Pomembno je to, da v naprej stvari uredimo tako, kot si tako področje, kot je zemlja, zasluži. Mi dobro vemo, da je bila v obdobju ustanavljanja kombinatov vsa zemlja odvzeta. Odvzeta je bila tudi kmetijskim šolam, zdravstvenim ustanovam, planinskim društvom itd. Ob pripravi zakona o denacionalizaciji smo se zavzemali, da bi tudi to v zakon o denacionalizaciji vključili, vendar je bilo takrat s strani predstavnika vlade obljubljeno, kar pa ni bilo storjeno, da bo takoj po sprejemu zakona o denacionalizaciji sledil poseben zakon, na osnovi katerega se bo ta zemlja vrnila društvom, šolam in podobno. Dobro. To smo zamudili. Vendar, vedeti je treba, da vsa zemlja, tako kot je prej povedal dr.Zagožen, je bila ali kupljena in plačana z državnim denarjem ali je bila pa odvzeta. Ta, ki je bila odvzeta, jo moramo vrniti po zakonu o denacionalizaciji. Ostala pa naj se potem potom zemljiškega sklada upravlja in se zanjo tako skrbi, kot se to spodobi, da bomo s tem odprli pravo usmeritev te zemljiške politike."
"parl.DruzPolZb","seja",47,"1992-10-21","15:05:00","16:50:00","PucnikIvan1927",0,"DruzPolZb.1992-10-21.s047-04.sp-384","DruzPolZb.1992-10-21.s047-04.sp-384.3",DruzPolZb.1992-10-21.s047-04.toc-item5,"taxonomy.3.8.7","topic.349","utterance","Danes je bilo rečeno, da se zakon o denacionalizaciji lahko izvaja ne glede na zemljiški sklad. To ni res. Vsaka nadomestna zemlja se lahko po tem zakonu da samo potom zemljiškega sklada, ali pa se vrne kot nadomestna zemlja nekje drugje, tudi potom sklada, ali pa se plača prek sklada v obliki obveznic, ker v tem primeru je sklad zavezanec, če bivši lastnik, ki mu zemlja pripada, ne sprejme zemlje, želi rajši obveznico. Tudi zato mora biti sklad. Če hočemo že sprejeti zakon o denacionalizaciji izvajati, potem ga ne moremo, kar zadeva zemljiško področje, izvesti preko zemljiškega sklada."
"parl.DruzPolZb","seja",47,"1992-10-21","15:05:00","16:50:00","PucnikIvan1927",0,"DruzPolZb.1992-10-21.s047-04.sp-384","DruzPolZb.1992-10-21.s047-04.sp-384.4",DruzPolZb.1992-10-21.s047-04.toc-item5,"taxonomy.3.8.7","topic.349","utterance","Jaz se čudim, da je to problem tam, kjer je v občinah družbena zemlja in kjer je v tem primeru občina zavezanec po zakonu o denacionalizaciji. V glavnem tam, kjer so zakon izvajali, so del te zemlje vrnili, za ostalo je pomembno, da pride v sklad."
"parl.DruzPolZb","seja",47,"1992-10-21","15:05:00","16:50:00","PucnikIvan1927",0,"DruzPolZb.1992-10-21.s047-04.sp-384","DruzPolZb.1992-10-21.s047-04.sp-384.5",DruzPolZb.1992-10-21.s047-04.toc-item5,"taxonomy.3.8.7","topic.349","utterance","Pripomnil bi samo v zvezi s 13. členom. Menim, da je prav, da sprejmemo amandma, da se ne bi izvzemala zemlja podjetij in predvsem so tu mišljena državna posestva. Skratka, da gre vsa zemlja v zemljiški sklad, da se jo bo potem nekaj vrnilo, z ostalo bo pa sklad gospodaril na osnovi zdrave kmetijske politike. Hvala."
"parl.DruzPolZb","seja",47,"1992-10-21","15:05:00","16:50:00","",0,"DruzPolZb.1992-10-21.s047-04.sp-385","DruzPolZb.1992-10-21.s047-04.sp-385.1",DruzPolZb.1992-10-21.s047-04.toc-item5,"","","speaker","PODPREDSEDNIK ANTON PERŠAK:"
"parl.DruzPolZb","seja",47,"1992-10-21","15:05:00","16:50:00","PersakAnton1947",1,"DruzPolZb.1992-10-21.s047-04.sp-385","DruzPolZb.1992-10-21.s047-04.sp-385.2",DruzPolZb.1992-10-21.s047-04.toc-item5,"taxonomy.3.8.7","topic.349","utterance","Hvala. Še gospa Pozsonec se je prijavila za diskusijo, potem pa ni več prijavljenih in bomo glasovali."
"parl.DruzPolZb","seja",47,"1992-10-21","15:05:00","16:50:00","",0,"DruzPolZb.1992-10-21.s047-04.sp-386","DruzPolZb.1992-10-21.s047-04.sp-386.1",DruzPolZb.1992-10-21.s047-04.toc-item5,"","","speaker","MARIA POZSONEC:"
"parl.DruzPolZb","seja",47,"1992-10-21","15:05:00","16:50:00","PozsonecMaria1940",0,"DruzPolZb.1992-10-21.s047-04.sp-386","DruzPolZb.1992-10-21.s047-04.sp-386.2",DruzPolZb.1992-10-21.s047-04.toc-item5,"taxonomy.3.8.7","topic.349","utterance","Spoštovani! Ponovno bi, kot že nekolikokrat in brez uspeha, opozorila na dejstvo, da je bila v naši občin zemlja kupljena po zelo nizki ceni, tudi pod 20% vrednostjo. Mislim, da je bila to goljufija, kar so lastniki podpisali. To bo sedaj prešlo v družbeno lastnino. Mislim, da je naša moralna dolžnost, da še preden to preide v zemljiški sklad, omogočimo opeharjenim ljudem in njihovim potomcem možnost ponovnega nakupa lastne zemlje. Kaj bi pomenilo to za demografsko ogroženo območje, kaj bi pomenilo za razvoj nerazvitih, za območje, kjer je nezaposlenost tako visoka, ni potrebno razlagati. Tu vas prosim za pomoč. Mi sprejemamo zakone in ni mogoče, da ne bi našli neke rešitve za to. Hvala."
"parl.DruzPolZb","seja",47,"1992-10-21","15:05:00","16:50:00","",0,"DruzPolZb.1992-10-21.s047-04.sp-387","DruzPolZb.1992-10-21.s047-04.sp-387.1",DruzPolZb.1992-10-21.s047-04.toc-item5,"","","speaker","PODPREDSEDNIK ANTON PERŠAK:"
"parl.DruzPolZb","seja",47,"1992-10-21","15:05:00","16:50:00","PersakAnton1947",1,"DruzPolZb.1992-10-21.s047-04.sp-387","DruzPolZb.1992-10-21.s047-04.sp-387.2",DruzPolZb.1992-10-21.s047-04.toc-item5,"taxonomy.3.8.7","topic.349","utterance","Hvala. Replika gospod Potočnik."
"parl.DruzPolZb","seja",47,"1992-10-21","15:05:00","16:50:00","",0,"DruzPolZb.1992-10-21.s047-04.sp-388","DruzPolZb.1992-10-21.s047-04.sp-388.1",DruzPolZb.1992-10-21.s047-04.toc-item5,"","","speaker","FRANC POTOČNIK:"
"parl.DruzPolZb","seja",47,"1992-10-21","15:05:00","16:50:00","PotočnikFranc1955",0,"DruzPolZb.1992-10-21.s047-04.sp-388","DruzPolZb.1992-10-21.s047-04.sp-388.2",DruzPolZb.1992-10-21.s047-04.toc-item5,"taxonomy.3.8.7","topic.349","utterance","Mislim, da je to samo eden od primerov, ki ga bomo veliko lažje reševali, če bo ta zakon o skladu kmetijskih zemljišč, vključno z amandmajem odbora k 13. členu, sprejet. Namreč, lažje bo te krivice popravila država, kot pa sedaj neki kvazi lastniki. Zato mislim, da bo takšne probleme veliko lažje reševati potem, ko bo ta zemlja tudi dejansko državna last. Zato računam, gospa Pozsonec, da boste ta amandma podprli. Hvala."
"parl.DruzPolZb","seja",47,"1992-10-21","15:05:00","16:50:00","",0,"DruzPolZb.1992-10-21.s047-04.sp-389","DruzPolZb.1992-10-21.s047-04.sp-389.1",DruzPolZb.1992-10-21.s047-04.toc-item5,"","","speaker","PODPREDSEDNIK ANTON PERŠAK:"
"parl.DruzPolZb","seja",47,"1992-10-21","15:05:00","16:50:00","PersakAnton1947",1,"DruzPolZb.1992-10-21.s047-04.sp-389","DruzPolZb.1992-10-21.s047-04.sp-389.2",DruzPolZb.1992-10-21.s047-04.toc-item5,"taxonomy.3.8.7","topic.349","utterance","Hvala. Predpostavljam, da ste vsi dobili pregled amandmajev. Pri tem ponovno opozarjam, da so amandmaji vlade, ki jih imate v posebnem pregledu, sedaj del zakona. Zato prosim tiste predlagatelje amandmajev, ki so v pregledu, da ob tem, ko pridemo do amandmaja, ali do takrat premislijo, kaj to pomeni za njihov amandma glede na amandmaje vlade, ki so sedaj besedilo zakona. Lahko predpostavimo, da je kakšen amandma ali že saniran z amandmaji zakona ali pa je približno podobne vsebine, zato da ne bi sprejemali amandmajev, ki so v bistvu že sprejeti po vsebini. Če taki primeri so, seveda. Prosim predlagatelje amandmajev, da ste na to pozorni."
"parl.DruzPolZb","seja",47,"1992-10-21","15:05:00","16:50:00","PersakAnton1947",1,"DruzPolZb.1992-10-21.s047-04.sp-389","DruzPolZb.1992-10-21.s047-04.sp-389.3",DruzPolZb.1992-10-21.s047-04.toc-item5,"taxonomy.3.8.7","topic.349","utterance","Najprej sta dva amandmaja k 4. členu zakona. Prvega je vložil gospod Anderlič (v pregledu je pod številko 1, na prvi strani) Vlada amandmaja ne podpira. Preverjamo navzočnost!"
"parl.DruzPolZb","seja",47,"1992-10-21","15:05:00","16:50:00","",0,"DruzPolZb.1992-10-21.s047-04.sp-389","DruzPolZb.1992-10-21.s047-04.sp-389.4",DruzPolZb.1992-10-21.s047-04.toc-item5,"","","vote","42 navzočih poslancev."
"parl.DruzPolZb","seja",47,"1992-10-21","15:05:00","16:50:00","PersakAnton1947",1,"DruzPolZb.1992-10-21.s047-04.sp-389","DruzPolZb.1992-10-21.s047-04.sp-389.5",DruzPolZb.1992-10-21.s047-04.toc-item5,"taxonomy.3.8.7","topic.349","utterance","Kdor je za amandma gospoda Anderliča, naj prosim glasuje!"
"parl.DruzPolZb","seja",47,"1992-10-21","15:05:00","16:50:00","",0,"DruzPolZb.1992-10-21.s047-04.sp-389","DruzPolZb.1992-10-21.s047-04.sp-389.6",DruzPolZb.1992-10-21.s047-04.toc-item5,"","","vote","16 poslancev."
"parl.DruzPolZb","seja",47,"1992-10-21","15:05:00","16:50:00","PersakAnton1947",1,"DruzPolZb.1992-10-21.s047-04.sp-389","DruzPolZb.1992-10-21.s047-04.sp-389.7",DruzPolZb.1992-10-21.s047-04.toc-item5,"taxonomy.3.8.7","topic.349","utterance","Je kdo proti?"
"parl.DruzPolZb","seja",47,"1992-10-21","15:05:00","16:50:00","",0,"DruzPolZb.1992-10-21.s047-04.sp-389","DruzPolZb.1992-10-21.s047-04.sp-389.8",DruzPolZb.1992-10-21.s047-04.toc-item5,"","","vote","11 poslancev."
"parl.DruzPolZb","seja",47,"1992-10-21","15:05:00","16:50:00","PersakAnton1947",1,"DruzPolZb.1992-10-21.s047-04.sp-389","DruzPolZb.1992-10-21.s047-04.sp-389.9",DruzPolZb.1992-10-21.s047-04.toc-item5,"taxonomy.3.8.7","topic.349","utterance","Se je kdo vzdržal?"
"parl.DruzPolZb","seja",47,"1992-10-21","15:05:00","16:50:00","",0,"DruzPolZb.1992-10-21.s047-04.sp-389","DruzPolZb.1992-10-21.s047-04.sp-389.10",DruzPolZb.1992-10-21.s047-04.toc-item5,"","","vote","12 poslancev."
"parl.DruzPolZb","seja",47,"1992-10-21","15:05:00","16:50:00","PersakAnton1947",1,"DruzPolZb.1992-10-21.s047-04.sp-389","DruzPolZb.1992-10-21.s047-04.sp-389.11",DruzPolZb.1992-10-21.s047-04.toc-item5,"taxonomy.3.8.7","topic.349","utterance","Ugotavljam, da amandma ni sprejet."
"parl.DruzPolZb","seja",47,"1992-10-21","15:05:00","16:50:00","PersakAnton1947",1,"DruzPolZb.1992-10-21.s047-04.sp-389","DruzPolZb.1992-10-21.s047-04.sp-389.12",DruzPolZb.1992-10-21.s047-04.toc-item5,"taxonomy.3.8.7","topic.349","utterance","Drugi amandma je amandma Odbora za kmetijstvo in gozdarstvo. Vlada amandmaja ne podpira. Gospod Potočnik bo razložil svoj glas."
"parl.DruzPolZb","seja",47,"1992-10-21","15:05:00","16:50:00","",0,"DruzPolZb.1992-10-21.s047-04.sp-390","DruzPolZb.1992-10-21.s047-04.sp-390.1",DruzPolZb.1992-10-21.s047-04.toc-item5,"","","speaker","FRANC POTOČNIK:"
"parl.DruzPolZb","seja",47,"1992-10-21","15:05:00","16:50:00","PotočnikFranc1955",0,"DruzPolZb.1992-10-21.s047-04.sp-390","DruzPolZb.1992-10-21.s047-04.sp-390.2",DruzPolZb.1992-10-21.s047-04.toc-item5,"taxonomy.3.8.7","topic.349","utterance","To je amandma odbora, za katerega bom glasoval, razen če me predstavnica vlade ne bo prepričala, da ni potreben. Ne vem, na odboru ni bilo jasno rečeno, zakaj tega amandmaja vlada ne podpira. ""V zakupni pogodbi za gozdove se opredelijo pogoji, s katerimi se zagotovi izvajanje gozdno gospodarskih načrtov in na njihovi osnovi izdelanih izvedbenih načrtih."" Ali je to kje drugje zapopadeno, ne vem, ali je to proceduralno možno?"
"parl.DruzPolZb","seja",47,"1992-10-21","15:05:00","16:50:00","",0,"DruzPolZb.1992-10-21.s047-04.sp-391","DruzPolZb.1992-10-21.s047-04.sp-391.1",DruzPolZb.1992-10-21.s047-04.toc-item5,"","","speaker","PODPREDSEDNIK ANTON PERŠAK:"
"parl.DruzPolZb","seja",47,"1992-10-21","15:05:00","16:50:00","PersakAnton1947",1,"DruzPolZb.1992-10-21.s047-04.sp-391","DruzPolZb.1992-10-21.s047-04.sp-391.2",DruzPolZb.1992-10-21.s047-04.toc-item5,"taxonomy.3.8.7","topic.349","utterance","Neobičajno je, da ponovno začnete. Stališče vlade je, da vsebina ne spada v ta zakon, temveč spada v zakon o gozdovih in bo tam amandma proučen in ustrezno upoštevan. To je argument vlade. Medtem se je spremenil kvorum. Prosim, ugotavljamo navzočnost."
"parl.DruzPolZb","seja",47,"1992-10-21","15:05:00","16:50:00","",0,"DruzPolZb.1992-10-21.s047-04.sp-391","DruzPolZb.1992-10-21.s047-04.sp-391.3",DruzPolZb.1992-10-21.s047-04.toc-item5,"","","vote","42 navzočih poslancev."
"parl.DruzPolZb","seja",47,"1992-10-21","15:05:00","16:50:00","PersakAnton1947",1,"DruzPolZb.1992-10-21.s047-04.sp-391","DruzPolZb.1992-10-21.s047-04.sp-391.4",DruzPolZb.1992-10-21.s047-04.toc-item5,"taxonomy.3.8.7","topic.349","utterance","Kdo je za amandma odbora?"
"parl.DruzPolZb","seja",47,"1992-10-21","15:05:00","16:50:00","PersakAnton1947",1,"DruzPolZb.1992-10-21.s047-04.sp-391","DruzPolZb.1992-10-21.s047-04.sp-391.5",DruzPolZb.1992-10-21.s047-04.toc-item5,"taxonomy.3.8.7","topic.349","utterance","Kdor je za, naj prosim glasuje."
"parl.DruzPolZb","seja",47,"1992-10-21","15:05:00","16:50:00","",0,"DruzPolZb.1992-10-21.s047-04.sp-391","DruzPolZb.1992-10-21.s047-04.sp-391.6",DruzPolZb.1992-10-21.s047-04.toc-item5,"","","vote","17 poslancev."
"parl.DruzPolZb","seja",47,"1992-10-21","15:05:00","16:50:00","PersakAnton1947",1,"DruzPolZb.1992-10-21.s047-04.sp-391","DruzPolZb.1992-10-21.s047-04.sp-391.7",DruzPolZb.1992-10-21.s047-04.toc-item5,"taxonomy.3.8.7","topic.349","utterance","Je kdo proti?"
"parl.DruzPolZb","seja",47,"1992-10-21","15:05:00","16:50:00","",0,"DruzPolZb.1992-10-21.s047-04.sp-391","DruzPolZb.1992-10-21.s047-04.sp-391.8",DruzPolZb.1992-10-21.s047-04.toc-item5,"","","vote","5 poslancev."
"parl.DruzPolZb","seja",47,"1992-10-21","15:05:00","16:50:00","PersakAnton1947",1,"DruzPolZb.1992-10-21.s047-04.sp-391","DruzPolZb.1992-10-21.s047-04.sp-391.9",DruzPolZb.1992-10-21.s047-04.toc-item5,"taxonomy.3.8.7","topic.349","utterance","Se je kdo vzdržal?"
"parl.DruzPolZb","seja",47,"1992-10-21","15:05:00","16:50:00","",0,"DruzPolZb.1992-10-21.s047-04.sp-391","DruzPolZb.1992-10-21.s047-04.sp-391.10",DruzPolZb.1992-10-21.s047-04.toc-item5,"","","vote","17 poslancev."
"parl.DruzPolZb","seja",47,"1992-10-21","15:05:00","16:50:00","PersakAnton1947",1,"DruzPolZb.1992-10-21.s047-04.sp-391","DruzPolZb.1992-10-21.s047-04.sp-391.11",DruzPolZb.1992-10-21.s047-04.toc-item5,"taxonomy.3.8.7","topic.349","utterance","Ugotavljam, da s 17 glasovi za, 5 proti in 17 vzdržanimi amandma ni sprejet."
"parl.DruzPolZb","seja",47,"1992-10-21","15:05:00","16:50:00","PersakAnton1947",1,"DruzPolZb.1992-10-21.s047-04.sp-391","DruzPolZb.1992-10-21.s047-04.sp-391.12",DruzPolZb.1992-10-21.s047-04.toc-item5,"taxonomy.3.8.7","topic.349","utterance","K 5. členu sta vložena dva amandmaja. Na 1. strani spodaj se začne amandma, ki ga je vložil Odbor za kmetijstvo in gozdarstvo. Vlada amandmaju nasprotuje."
"parl.DruzPolZb","seja",47,"1992-10-21","15:05:00","16:50:00","PersakAnton1947",1,"DruzPolZb.1992-10-21.s047-04.sp-391","DruzPolZb.1992-10-21.s047-04.sp-391.13",DruzPolZb.1992-10-21.s047-04.toc-item5,"taxonomy.3.8.7","topic.349","utterance","Kdor je za, naj prosim glasuje."
"parl.DruzPolZb","seja",47,"1992-10-21","15:05:00","16:50:00","",0,"DruzPolZb.1992-10-21.s047-04.sp-391","DruzPolZb.1992-10-21.s047-04.sp-391.14",DruzPolZb.1992-10-21.s047-04.toc-item5,"","","vote","13 poslancev."
"parl.DruzPolZb","seja",47,"1992-10-21","15:05:00","16:50:00","PersakAnton1947",1,"DruzPolZb.1992-10-21.s047-04.sp-391","DruzPolZb.1992-10-21.s047-04.sp-391.15",DruzPolZb.1992-10-21.s047-04.toc-item5,"taxonomy.3.8.7","topic.349","utterance","Prosim? Ja, ampak malo pozno. Prosim."
"parl.DruzPolZb","seja",47,"1992-10-21","15:05:00","16:50:00","",0,"DruzPolZb.1992-10-21.s047-04.sp-392","DruzPolZb.1992-10-21.s047-04.sp-392.1",DruzPolZb.1992-10-21.s047-04.toc-item5,"","","speaker","FRANC POTOČNIK:"
"parl.DruzPolZb","seja",47,"1992-10-21","15:05:00","16:50:00","PotočnikFranc1955",0,"DruzPolZb.1992-10-21.s047-04.sp-392","DruzPolZb.1992-10-21.s047-04.sp-392.2",DruzPolZb.1992-10-21.s047-04.toc-item5,"taxonomy.3.8.7","topic.349","utterance","Bom obrazložil glas za tri amandmaje odbora. Gre pa za to, da se v teh amandmajih odbora načelno predlaga, da ima Skupščina večji nadzor nad delom tega sklada in zato se v tem priporoča, da skupščina potrdi te organe po predlogu vlade, medtem ko vlada temu nasprotuje, da te zadeve; kar se upravljanja sklada tiče, ne bi Skupščina obravnavala. Res je to en daljši postopek, vendarle mislim, da so gozdovi in kmetijska zemljišča tako nacionalno pomembna, da tudi Skupščina lahko o tem kaj reče in zato se k 5. in 6. členu ti trije amandmaji, ki jih predlaga odbor v tem smislu. Da ne bi za vsakega posebej obrazlagal svoj glas, torej bom glasoval za te amandmaje Odbora za kmetijstvo in gozdarstvo."
"parl.DruzPolZb","seja",47,"1992-10-21","15:05:00","16:50:00","",0,"DruzPolZb.1992-10-21.s047-04.sp-393","DruzPolZb.1992-10-21.s047-04.sp-393.1",DruzPolZb.1992-10-21.s047-04.toc-item5,"","","speaker","PODPREDSEDNIK ANTON PERŠAK:"
"parl.DruzPolZb","seja",47,"1992-10-21","15:05:00","16:50:00","PersakAnton1947",1,"DruzPolZb.1992-10-21.s047-04.sp-393","DruzPolZb.1992-10-21.s047-04.sp-393.2",DruzPolZb.1992-10-21.s047-04.toc-item5,"taxonomy.3.8.7","topic.349","utterance","Zdaj nas je 43. Kdo je za ta amandma? Gospod Zagožen bo tudi razložil svoj glas."
"parl.DruzPolZb","seja",47,"1992-10-21","15:05:00","16:50:00","",0,"DruzPolZb.1992-10-21.s047-04.sp-394","DruzPolZb.1992-10-21.s047-04.sp-394.1",DruzPolZb.1992-10-21.s047-04.toc-item5,"","","speaker","DR. FRANC ZAGOŽEN:"
"parl.DruzPolZb","seja",47,"1992-10-21","15:05:00","16:50:00","ZagozenFrance1942",0,"DruzPolZb.1992-10-21.s047-04.sp-394","DruzPolZb.1992-10-21.s047-04.sp-394.2",DruzPolZb.1992-10-21.s047-04.toc-item5,"taxonomy.3.8.7","topic.349","utterance","Jaz bi rad te amandmaje odbora podprl še z naslednjim argumentom. Poglejte, Skupščina voli npr. direktorje Triglavskega narodnega parka, tu bo šlo pa za veliko večjo površino, za desettistoče, ne, za okrog 200 tisoč hektarjev zemljišč, ki so v bistvu pomembni ne samo zaradi bogastva, ki ga imajo, ampak tudi kot naravna dobrina. Mislim, da je logično, da sprejmemo te amandmaje odbora in da ima Skupščina skrb tudi nad tem. Hvala."
"parl.DruzPolZb","seja",47,"1992-10-21","15:05:00","16:50:00","",0,"DruzPolZb.1992-10-21.s047-04.sp-395","DruzPolZb.1992-10-21.s047-04.sp-395.1",DruzPolZb.1992-10-21.s047-04.toc-item5,"","","speaker","PODPREDSEDNIK ANTON PERŠAK:"
"parl.DruzPolZb","seja",47,"1992-10-21","15:05:00","16:50:00","PersakAnton1947",1,"DruzPolZb.1992-10-21.s047-04.sp-395","DruzPolZb.1992-10-21.s047-04.sp-395.2",DruzPolZb.1992-10-21.s047-04.toc-item5,"taxonomy.3.8.7","topic.349","utterance","Smo zdaj vsi razložili? Glasujemo o amandmaju k 5. členu, ki je na 1. strani spodaj in na 2. strani zgoraj. Vlada nasprotuje."
"parl.DruzPolZb","seja",47,"1992-10-21","15:05:00","16:50:00","PersakAnton1947",1,"DruzPolZb.1992-10-21.s047-04.sp-395","DruzPolZb.1992-10-21.s047-04.sp-395.3",DruzPolZb.1992-10-21.s047-04.toc-item5,"taxonomy.3.8.7","topic.349","utterance","Kdor je za, naj prosim glasuje."
"parl.DruzPolZb","seja",47,"1992-10-21","15:05:00","16:50:00","",0,"DruzPolZb.1992-10-21.s047-04.sp-395","DruzPolZb.1992-10-21.s047-04.sp-395.4",DruzPolZb.1992-10-21.s047-04.toc-item5,"","","vote","31 poslancev."
"parl.DruzPolZb","seja",47,"1992-10-21","15:05:00","16:50:00","PersakAnton1947",1,"DruzPolZb.1992-10-21.s047-04.sp-395","DruzPolZb.1992-10-21.s047-04.sp-395.5",DruzPolZb.1992-10-21.s047-04.toc-item5,"taxonomy.3.8.7","topic.349","utterance","Je kdo proti?"
"parl.DruzPolZb","seja",47,"1992-10-21","15:05:00","16:50:00","",0,"DruzPolZb.1992-10-21.s047-04.sp-395","DruzPolZb.1992-10-21.s047-04.sp-395.6",DruzPolZb.1992-10-21.s047-04.toc-item5,"","","vote","4 poslanci."
"parl.DruzPolZb","seja",47,"1992-10-21","15:05:00","16:50:00","PersakAnton1947",1,"DruzPolZb.1992-10-21.s047-04.sp-395","DruzPolZb.1992-10-21.s047-04.sp-395.7",DruzPolZb.1992-10-21.s047-04.toc-item5,"taxonomy.3.8.7","topic.349","utterance","Se je kdo vzdržal?"
"parl.DruzPolZb","seja",47,"1992-10-21","15:05:00","16:50:00","",0,"DruzPolZb.1992-10-21.s047-04.sp-395","DruzPolZb.1992-10-21.s047-04.sp-395.8",DruzPolZb.1992-10-21.s047-04.toc-item5,"","","vote","7 poslancev."
"parl.DruzPolZb","seja",47,"1992-10-21","15:05:00","16:50:00","PersakAnton1947",1,"DruzPolZb.1992-10-21.s047-04.sp-395","DruzPolZb.1992-10-21.s047-04.sp-395.9",DruzPolZb.1992-10-21.s047-04.toc-item5,"taxonomy.3.8.7","topic.349","utterance","Ugotavljam, da je z 31 glasovi za, 4 proti in 7 vzdržanimi amandma sprejet."
"parl.DruzPolZb","seja",47,"1992-10-21","15:05:00","16:50:00","PersakAnton1947",1,"DruzPolZb.1992-10-21.s047-04.sp-395","DruzPolZb.1992-10-21.s047-04.sp-395.10",DruzPolZb.1992-10-21.s047-04.toc-item5,"taxonomy.3.8.7","topic.349","utterance","Zdaj glasujemo o drugem amandmaju Odbora za kmetijstvo in gozdarstvo k istemu členu, ki ga imate pod številko 2 na drugi strani zgoraj. Kaj meni vlada o tem amandmaju? Tukaj v pregledu namreč ni navedeno. Prvemu ste nasprotovali. Prosim?"
"parl.DruzPolZb","seja",47,"1992-10-21","15:05:00","16:50:00","",0,"DruzPolZb.1992-10-21.s047-04.sp-395","DruzPolZb.1992-10-21.s047-04.sp-395.11",DruzPolZb.1992-10-21.s047-04.toc-item5,"taxonomy.3.8.7","topic.349","gap","Glas iz klopi - se ne razume."
"parl.DruzPolZb","seja",47,"1992-10-21","15:05:00","16:50:00","PersakAnton1947",1,"DruzPolZb.1992-10-21.s047-04.sp-395","DruzPolZb.1992-10-21.s047-04.sp-395.12",DruzPolZb.1992-10-21.s047-04.toc-item5,"taxonomy.3.8.7","topic.349","utterance","Tudi temu vlada nasprotuje."
"parl.DruzPolZb","seja",47,"1992-10-21","15:05:00","16:50:00","PersakAnton1947",1,"DruzPolZb.1992-10-21.s047-04.sp-395","DruzPolZb.1992-10-21.s047-04.sp-395.13",DruzPolZb.1992-10-21.s047-04.toc-item5,"taxonomy.3.8.7","topic.349","utterance","Zdaj nas je 44, ker je še eden vstopil."
"parl.DruzPolZb","seja",47,"1992-10-21","15:05:00","16:50:00","PersakAnton1947",1,"DruzPolZb.1992-10-21.s047-04.sp-395","DruzPolZb.1992-10-21.s047-04.sp-395.14",DruzPolZb.1992-10-21.s047-04.toc-item5,"taxonomy.3.8.7","topic.349","utterance","Kdor je za, naj prosim glasuje."
"parl.DruzPolZb","seja",47,"1992-10-21","15:05:00","16:50:00","",0,"DruzPolZb.1992-10-21.s047-04.sp-395","DruzPolZb.1992-10-21.s047-04.sp-395.15",DruzPolZb.1992-10-21.s047-04.toc-item5,"","","vote","27 poslancev."
"parl.DruzPolZb","seja",47,"1992-10-21","15:05:00","16:50:00","PersakAnton1947",1,"DruzPolZb.1992-10-21.s047-04.sp-395","DruzPolZb.1992-10-21.s047-04.sp-395.16",DruzPolZb.1992-10-21.s047-04.toc-item5,"taxonomy.3.8.7","topic.349","utterance","Je kdo proti?"
"parl.DruzPolZb","seja",47,"1992-10-21","15:05:00","16:50:00","",0,"DruzPolZb.1992-10-21.s047-04.sp-395","DruzPolZb.1992-10-21.s047-04.sp-395.17",DruzPolZb.1992-10-21.s047-04.toc-item5,"","","vote","5 poslancev."
"parl.DruzPolZb","seja",47,"1992-10-21","15:05:00","16:50:00","PersakAnton1947",1,"DruzPolZb.1992-10-21.s047-04.sp-395","DruzPolZb.1992-10-21.s047-04.sp-395.18",DruzPolZb.1992-10-21.s047-04.toc-item5,"taxonomy.3.8.7","topic.349","utterance","Se je kdo vzdržal?"
"parl.DruzPolZb","seja",47,"1992-10-21","15:05:00","16:50:00","",0,"DruzPolZb.1992-10-21.s047-04.sp-395","DruzPolZb.1992-10-21.s047-04.sp-395.19",DruzPolZb.1992-10-21.s047-04.toc-item5,"","","vote","7 poslancev."
"parl.DruzPolZb","seja",47,"1992-10-21","15:05:00","16:50:00","PersakAnton1947",1,"DruzPolZb.1992-10-21.s047-04.sp-395","DruzPolZb.1992-10-21.s047-04.sp-395.20",DruzPolZb.1992-10-21.s047-04.toc-item5,"taxonomy.3.8.7","topic.349","utterance","Ugotavljam, da je s 27 glasovi za, 5 proti in 7 vzdržanimi amandma sprejet."
"parl.DruzPolZb","seja",47,"1992-10-21","15:05:00","16:50:00","PersakAnton1947",1,"DruzPolZb.1992-10-21.s047-04.sp-395","DruzPolZb.1992-10-21.s047-04.sp-395.21",DruzPolZb.1992-10-21.s047-04.toc-item5,"taxonomy.3.8.7","topic.349","utterance","K 6. členu je isti odbor vložil amandma, ki ga imate na sredini 2. strani. Vlada, kakšno je mnenje? Prosim? Ne, to je zdaj, da direktorja sklada imenuje Vlada Republike Slovenije. To se črta. Kdo je za, da se črta ta odstavek?"
"parl.DruzPolZb","seja",47,"1992-10-21","15:05:00","16:50:00","PersakAnton1947",1,"DruzPolZb.1992-10-21.s047-04.sp-395","DruzPolZb.1992-10-21.s047-04.sp-395.22",DruzPolZb.1992-10-21.s047-04.toc-item5,"taxonomy.3.8.7","topic.349","utterance","Kdor je za, naj prosim glasuje."
"parl.DruzPolZb","seja",47,"1992-10-21","15:05:00","16:50:00","",0,"DruzPolZb.1992-10-21.s047-04.sp-395","DruzPolZb.1992-10-21.s047-04.sp-395.23",DruzPolZb.1992-10-21.s047-04.toc-item5,"","","vote","30 poslancev."
"parl.DruzPolZb","seja",47,"1992-10-21","15:05:00","16:50:00","PersakAnton1947",1,"DruzPolZb.1992-10-21.s047-04.sp-395","DruzPolZb.1992-10-21.s047-04.sp-395.24",DruzPolZb.1992-10-21.s047-04.toc-item5,"taxonomy.3.8.7","topic.349","utterance","Je kdo proti?"
"parl.DruzPolZb","seja",47,"1992-10-21","15:05:00","16:50:00","",0,"DruzPolZb.1992-10-21.s047-04.sp-395","DruzPolZb.1992-10-21.s047-04.sp-395.25",DruzPolZb.1992-10-21.s047-04.toc-item5,"","","vote","6 poslancev."
"parl.DruzPolZb","seja",47,"1992-10-21","15:05:00","16:50:00","PersakAnton1947",1,"DruzPolZb.1992-10-21.s047-04.sp-395","DruzPolZb.1992-10-21.s047-04.sp-395.26",DruzPolZb.1992-10-21.s047-04.toc-item5,"taxonomy.3.8.7","topic.349","utterance","Se je kdo vzdržal?"
"parl.DruzPolZb","seja",47,"1992-10-21","15:05:00","16:50:00","",0,"DruzPolZb.1992-10-21.s047-04.sp-395","DruzPolZb.1992-10-21.s047-04.sp-395.27",DruzPolZb.1992-10-21.s047-04.toc-item5,"","","vote","4 poslanci."
"parl.DruzPolZb","seja",47,"1992-10-21","15:05:00","16:50:00","PersakAnton1947",1,"DruzPolZb.1992-10-21.s047-04.sp-395","DruzPolZb.1992-10-21.s047-04.sp-395.28",DruzPolZb.1992-10-21.s047-04.toc-item5,"taxonomy.3.8.7","topic.349","utterance","Ugotavljam, da je s 30 glasovi za, 6 proti in 4 vzdržanimi amandma sprejet."
"parl.DruzPolZb","seja",47,"1992-10-21","15:05:00","16:50:00","PersakAnton1947",1,"DruzPolZb.1992-10-21.s047-04.sp-395","DruzPolZb.1992-10-21.s047-04.sp-395.29",DruzPolZb.1992-10-21.s047-04.toc-item5,"taxonomy.3.8.7","topic.349","utterance","K 10. členu je vložil amandma isti odbor. Imate ga na drugi strani pregleda. Kaj meni vlada? Ni opredelitve. Kaj misli vlada k amandmaju odbora k 10. členu:""Likvidnostni presežki sklada med letom se na podlagi sklepa Vlade Republike Slovenije uporabljajo za financiranje potreb proračuna Republike Slovenije?"" Vlada nasprotuje."
"parl.DruzPolZb","seja",47,"1992-10-21","15:05:00","16:50:00","PersakAnton1947",1,"DruzPolZb.1992-10-21.s047-04.sp-395","DruzPolZb.1992-10-21.s047-04.sp-395.30",DruzPolZb.1992-10-21.s047-04.toc-item5,"taxonomy.3.8.7","topic.349","utterance","Franc Potočnik bo razložil svoj glas."
"parl.DruzPolZb","seja",47,"1992-10-21","15:05:00","16:50:00","",0,"DruzPolZb.1992-10-21.s047-04.sp-396","DruzPolZb.1992-10-21.s047-04.sp-396.1",DruzPolZb.1992-10-21.s047-04.toc-item5,"","","speaker","FRANC POTOČNIK:"
"parl.DruzPolZb","seja",47,"1992-10-21","15:05:00","16:50:00","PotočnikFranc1955",0,"DruzPolZb.1992-10-21.s047-04.sp-396","DruzPolZb.1992-10-21.s047-04.sp-396.2",DruzPolZb.1992-10-21.s047-04.toc-item5,"taxonomy.3.8.7","topic.349","utterance","Jaz se opravičujem, ampak vem, da glede ne to, kakšen je bil ta zakon v proceduri, da marsikaj marsikomu ni jasno, ker je na različnih mestih napisano. Tukaj gre za to, kot sem prej govoril, da likvidnostni presežki sklada med letom ne gredo avtomatsko v državni proračun, lahko pa gredo, če se organ sklada s tem strinja. Namreč, gre za to, da se lahko zgodi, da v nekem določenem obdobju, kot sem že prej rekel, tiste naloge, ki so sezonskega značaja (tega pa je v kmetijstvu in gozdarstvu dovolj) se ne naredijo v tistem času, ko pa to pride na vrsto, pa za to zmanjka denarja, ker je pač šel v proračun prej. Zato mislim, da bi bilo prav, da organi sklada dajo soglasje, da ta denar gre v proračun ali pa ne. Zato smo predlagali, da se ta del, ki pomeni avtomatsko prelivanje denarja v državni proračun, črta. Torej bom glasoval za ta amandma."
"parl.DruzPolZb","seja",47,"1992-10-21","15:05:00","16:50:00","",0,"DruzPolZb.1992-10-21.s047-04.sp-397","DruzPolZb.1992-10-21.s047-04.sp-397.1",DruzPolZb.1992-10-21.s047-04.toc-item5,"","","speaker","PODPREDSEDNIK ANTON PERŠAK:"
"parl.DruzPolZb","seja",47,"1992-10-21","15:05:00","16:50:00","PersakAnton1947",1,"DruzPolZb.1992-10-21.s047-04.sp-397","DruzPolZb.1992-10-21.s047-04.sp-397.2",DruzPolZb.1992-10-21.s047-04.toc-item5,"taxonomy.3.8.7","topic.349","utterance","Hvala. Kdor je za, naj glasuje. Povedali smo, da se vlada ne strinja s tem."
"parl.DruzPolZb","seja",47,"1992-10-21","15:05:00","16:50:00","PersakAnton1947",1,"DruzPolZb.1992-10-21.s047-04.sp-397","DruzPolZb.1992-10-21.s047-04.sp-397.3",DruzPolZb.1992-10-21.s047-04.toc-item5,"taxonomy.3.8.7","topic.349","utterance","Kdor je za, naj prosim glasuje."
"parl.DruzPolZb","seja",47,"1992-10-21","15:05:00","16:50:00","",0,"DruzPolZb.1992-10-21.s047-04.sp-397","DruzPolZb.1992-10-21.s047-04.sp-397.4",DruzPolZb.1992-10-21.s047-04.toc-item5,"","","vote","20 poslancev."
"parl.DruzPolZb","seja",47,"1992-10-21","15:05:00","16:50:00","PersakAnton1947",1,"DruzPolZb.1992-10-21.s047-04.sp-397","DruzPolZb.1992-10-21.s047-04.sp-397.5",DruzPolZb.1992-10-21.s047-04.toc-item5,"taxonomy.3.8.7","topic.349","utterance","Je kdo proti?"
"parl.DruzPolZb","seja",47,"1992-10-21","15:05:00","16:50:00","",0,"DruzPolZb.1992-10-21.s047-04.sp-397","DruzPolZb.1992-10-21.s047-04.sp-397.6",DruzPolZb.1992-10-21.s047-04.toc-item5,"","","vote","17 poslancev."
"parl.DruzPolZb","seja",47,"1992-10-21","15:05:00","16:50:00","PersakAnton1947",1,"DruzPolZb.1992-10-21.s047-04.sp-397","DruzPolZb.1992-10-21.s047-04.sp-397.7",DruzPolZb.1992-10-21.s047-04.toc-item5,"taxonomy.3.8.7","topic.349","utterance","Se je kdo vzdržal?"
"parl.DruzPolZb","seja",47,"1992-10-21","15:05:00","16:50:00","",0,"DruzPolZb.1992-10-21.s047-04.sp-397","DruzPolZb.1992-10-21.s047-04.sp-397.8",DruzPolZb.1992-10-21.s047-04.toc-item5,"","","vote","7 poslancev."
"parl.DruzPolZb","seja",47,"1992-10-21","15:05:00","16:50:00","PersakAnton1947",1,"DruzPolZb.1992-10-21.s047-04.sp-397","DruzPolZb.1992-10-21.s047-04.sp-397.9",DruzPolZb.1992-10-21.s047-04.toc-item5,"taxonomy.3.8.7","topic.349","utterance","Ugotavljam, da z 20 glasovi za, 17 proti in 7 vzdržanimi amandma ni sprejet."
"parl.DruzPolZb","seja",47,"1992-10-21","15:05:00","16:50:00","PersakAnton1947",1,"DruzPolZb.1992-10-21.s047-04.sp-397","DruzPolZb.1992-10-21.s047-04.sp-397.10",DruzPolZb.1992-10-21.s047-04.toc-item5,"taxonomy.3.8.7","topic.349","utterance","K 13. členu je vloženih več amandmajev. Prvi je amandma gospoda Kolešnika v našem zboru na 2. strani spodaj. Vlada amandmaju nasprotuje. Amandma imate naveden, da se črta. Gospod Kolešnik bo razložil svoj glas."
"parl.DruzPolZb","seja",47,"1992-10-21","15:05:00","16:50:00","",0,"DruzPolZb.1992-10-21.s047-04.sp-398","DruzPolZb.1992-10-21.s047-04.sp-398.1",DruzPolZb.1992-10-21.s047-04.toc-item5,"","","speaker","CIRIL KOLEŠNIK:"
"parl.DruzPolZb","seja",47,"1992-10-21","15:05:00","16:50:00","KolesnikCiril",0,"DruzPolZb.1992-10-21.s047-04.sp-398","DruzPolZb.1992-10-21.s047-04.sp-398.2",DruzPolZb.1992-10-21.s047-04.toc-item5,"taxonomy.3.8.7","topic.349","utterance","Predlagam torej, da se ta amandma črta. S tem, da ga črtamo."
"parl.DruzPolZb","seja",47,"1992-10-21","15:05:00","16:50:00","",0,"DruzPolZb.1992-10-21.s047-04.sp-399","DruzPolZb.1992-10-21.s047-04.sp-399.1",DruzPolZb.1992-10-21.s047-04.toc-item5,"","","speaker","Vmes podpredsednik Peršak:"
"parl.DruzPolZb","seja",47,"1992-10-21","15:05:00","16:50:00","PersakAnton1947",1,"DruzPolZb.1992-10-21.s047-04.sp-399","DruzPolZb.1992-10-21.s047-04.sp-399.2",DruzPolZb.1992-10-21.s047-04.toc-item5,"taxonomy.3.8.7","topic.349","utterance","Da se člen črta ali amandma?)>,"
"parl.DruzPolZb","seja",47,"1992-10-21","15:05:00","16:50:00","KolesnikCiril",0,"DruzPolZb.1992-10-21.s047-04.sp-400","DruzPolZb.1992-10-21.s047-04.sp-400.1",DruzPolZb.1992-10-21.s047-04.toc-item5,"taxonomy.3.8.7","topic.349","utterance","Pardon, da se 13. člen črta, se opravičujem, hvala lepa. Predlagam, da se s tem amandmajem 13. člen črta zaradi tega, ker sem prej povedal, za kaj gre. Gre za nekaj, kar potem tudi vlada sama priznava, da je možno premoženje tudi drugih pravnih oseb lokalnih skupnosti, vendar ne v tem trenutku. Jaz se s tem ne strinjam. Menim, da naj bo premoženje možno tudi v tem trenutku, posebno s tem premoženjem, ki so ga občine ustvarile. S tem črtanjem 13. člena zakon ni prizadet, možna je ustanovitev sklada in sklad lahko normalno funkcionira. Zato bom glasoval za ta amandma, da se črta 13. člen in predlagam isto vam. Hvala lepa."
"parl.DruzPolZb","seja",47,"1992-10-21","15:05:00","16:50:00","",0,"DruzPolZb.1992-10-21.s047-04.sp-401","DruzPolZb.1992-10-21.s047-04.sp-401.1",DruzPolZb.1992-10-21.s047-04.toc-item5,"","","speaker","PODPREDSEDNIK ANTON PERŠAK:"
"parl.DruzPolZb","seja",47,"1992-10-21","15:05:00","16:50:00","PersakAnton1947",1,"DruzPolZb.1992-10-21.s047-04.sp-401","DruzPolZb.1992-10-21.s047-04.sp-401.2",DruzPolZb.1992-10-21.s047-04.toc-item5,"taxonomy.3.8.7","topic.349","utterance","Hvala. Gospod Potočnik in gospod Zagožen bosta tudi obrazložila svoj glas."
"parl.DruzPolZb","seja",47,"1992-10-21","15:05:00","16:50:00","",0,"DruzPolZb.1992-10-21.s047-04.sp-402","DruzPolZb.1992-10-21.s047-04.sp-402.1",DruzPolZb.1992-10-21.s047-04.toc-item5,"","","speaker","FRANC POTOČNIK:"
"parl.DruzPolZb","seja",47,"1992-10-21","15:05:00","16:50:00","PotočnikFranc1955",0,"DruzPolZb.1992-10-21.s047-04.sp-402","DruzPolZb.1992-10-21.s047-04.sp-402.2",DruzPolZb.1992-10-21.s047-04.toc-item5,"taxonomy.3.8.7","topic.349","utterance","Mislim, da ni treba na široko razlagati. Če se namreč ta 13. člen črta, in kot sem že prej rekel, če se ne sprejme amandmaja k 13. členu, ki ga je predložil Odbor za kmetijstvo in gozdarstvo, zakon kot takšen izgubi na pomenu in potem tudi zakon brez tega člena ali pa tudi brez dopolnila Odbora za kmetijstvo in gozdarstvo nima nobene funkcije in ga nima smisla sprejemati. Torej bom glasoval proti temu, da se 13. člen črta. Hvala lepa."
"parl.DruzPolZb","seja",47,"1992-10-21","15:05:00","16:50:00","",0,"DruzPolZb.1992-10-21.s047-04.sp-403","DruzPolZb.1992-10-21.s047-04.sp-403.1",DruzPolZb.1992-10-21.s047-04.toc-item5,"","","speaker","PODPREDSEDNIK ANTON PERŠAK:"
"parl.DruzPolZb","seja",47,"1992-10-21","15:05:00","16:50:00","PersakAnton1947",1,"DruzPolZb.1992-10-21.s047-04.sp-403","DruzPolZb.1992-10-21.s047-04.sp-403.2",DruzPolZb.1992-10-21.s047-04.toc-item5,"taxonomy.3.8.7","topic.349","utterance","Hvala. Prosim, gospod Zagožen še. Potem bomo pa preverili navzočnost, ker je bilo nekaj premikov."
"parl.DruzPolZb","seja",47,"1992-10-21","15:05:00","16:50:00","",0,"DruzPolZb.1992-10-21.s047-04.sp-404","DruzPolZb.1992-10-21.s047-04.sp-404.1",DruzPolZb.1992-10-21.s047-04.toc-item5,"","","speaker","DR. FRANCE ZAGOŽEN:"
"parl.DruzPolZb","seja",47,"1992-10-21","15:05:00","16:50:00","ToplakLudvik1942",1,"DruzPolZb.1992-10-21.s047-04.sp-404","DruzPolZb.1992-10-21.s047-04.sp-404.2",DruzPolZb.1992-10-21.s047-04.toc-item5,"taxonomy.3.8.7","topic.349","utterance","Brez 13. člena, vključno z amandmaji Odbora za kmetijstvo in gozdarstvo, bi ta sklad izgledal takole: v Skupščini bi, to smo zdaj že določili, izvolili organe - in to bi bilo vse. Ti organi sklada bi lahko nek svoj statut sprejeli in to bi bilo vse. Storiti ne bi mogli ničesar, razen če bi jim država podarila nekaj milijard dolarjev, da bi kupili teh več kot 200 tisoč hektarjev zemlje. Hvala."
"parl.DruzPolZb","seja",47,"1992-10-21","15:05:00","16:50:00","",0,"DruzPolZb.1992-10-21.s047-04.sp-405","DruzPolZb.1992-10-21.s047-04.sp-405.1",DruzPolZb.1992-10-21.s047-04.toc-item5,"","","speaker","PODPREDSEDNIK ANTON PERŠAK:"
"parl.DruzPolZb","seja",47,"1992-10-21","15:05:00","16:50:00","PersakAnton1947",1,"DruzPolZb.1992-10-21.s047-04.sp-405","DruzPolZb.1992-10-21.s047-04.sp-405.2",DruzPolZb.1992-10-21.s047-04.toc-item5,"taxonomy.3.8.7","topic.349","utterance","Hvala. Prosim, preverjamo navzočnost."
"parl.DruzPolZb","seja",47,"1992-10-21","15:05:00","16:50:00","",0,"DruzPolZb.1992-10-21.s047-04.sp-405","DruzPolZb.1992-10-21.s047-04.sp-405.3",DruzPolZb.1992-10-21.s047-04.toc-item5,"","","vote","46 navzočih poslancev."
"parl.DruzPolZb","seja",47,"1992-10-21","15:05:00","16:50:00","PersakAnton1947",1,"DruzPolZb.1992-10-21.s047-04.sp-405","DruzPolZb.1992-10-21.s047-04.sp-405.4",DruzPolZb.1992-10-21.s047-04.toc-item5,"taxonomy.3.8.7","topic.349","utterance","Kdo je za amandma gospoda Kolešnika, naj glasuje."
"parl.DruzPolZb","seja",47,"1992-10-21","15:05:00","16:50:00","PersakAnton1947",1,"DruzPolZb.1992-10-21.s047-04.sp-405","DruzPolZb.1992-10-21.s047-04.sp-405.5",DruzPolZb.1992-10-21.s047-04.toc-item5,"taxonomy.3.8.7","topic.349","utterance","Kdor je za, naj prosim glasuje."
"parl.DruzPolZb","seja",47,"1992-10-21","15:05:00","16:50:00","",0,"DruzPolZb.1992-10-21.s047-04.sp-405","DruzPolZb.1992-10-21.s047-04.sp-405.6",DruzPolZb.1992-10-21.s047-04.toc-item5,"","","vote","9 poslancev."
"parl.DruzPolZb","seja",47,"1992-10-21","15:05:00","16:50:00","PersakAnton1947",1,"DruzPolZb.1992-10-21.s047-04.sp-405","DruzPolZb.1992-10-21.s047-04.sp-405.7",DruzPolZb.1992-10-21.s047-04.toc-item5,"taxonomy.3.8.7","topic.349","utterance","Je kdo proti?"
"parl.DruzPolZb","seja",47,"1992-10-21","15:05:00","16:50:00","",0,"DruzPolZb.1992-10-21.s047-04.sp-405","DruzPolZb.1992-10-21.s047-04.sp-405.8",DruzPolZb.1992-10-21.s047-04.toc-item5,"","","vote","17 poslancev."
"parl.DruzPolZb","seja",47,"1992-10-21","15:05:00","16:50:00","PersakAnton1947",1,"DruzPolZb.1992-10-21.s047-04.sp-405","DruzPolZb.1992-10-21.s047-04.sp-405.9",DruzPolZb.1992-10-21.s047-04.toc-item5,"taxonomy.3.8.7","topic.349","utterance","Se je kdo vzdržal?"
"parl.DruzPolZb","seja",47,"1992-10-21","15:05:00","16:50:00","",0,"DruzPolZb.1992-10-21.s047-04.sp-405","DruzPolZb.1992-10-21.s047-04.sp-405.10",DruzPolZb.1992-10-21.s047-04.toc-item5,"","","vote","14 poslancev."
"parl.DruzPolZb","seja",47,"1992-10-21","15:05:00","16:50:00","PersakAnton1947",1,"DruzPolZb.1992-10-21.s047-04.sp-405","DruzPolZb.1992-10-21.s047-04.sp-405.11",DruzPolZb.1992-10-21.s047-04.toc-item5,"taxonomy.3.8.7","topic.349","utterance","Ugotavljam, da z 9 glasovi za, 17 proti in 14 vzdržanimi amandma ni sprejet."
"parl.DruzPolZb","seja",47,"1992-10-21","15:05:00","16:50:00","PersakAnton1947",1,"DruzPolZb.1992-10-21.s047-04.sp-405","DruzPolZb.1992-10-21.s047-04.sp-405.12",DruzPolZb.1992-10-21.s047-04.toc-item5,"taxonomy.3.8.7","topic.349","utterance","Zdaj so še trije amandmaji na temo tega člena. Prvega je vložil Odbor za kmetijstvo in gozdarstvo (imate ga na 3. strani zgoraj). Vlada ne podpira tega amandmaja. Gospod Zagožen bo razložil svoj glas. Zagožen je dvignil roko. Ali Potočnik tudi?"
"parl.DruzPolZb","seja",47,"1992-10-21","15:05:00","16:50:00","",0,"DruzPolZb.1992-10-21.s047-04.sp-406","DruzPolZb.1992-10-21.s047-04.sp-406.1",DruzPolZb.1992-10-21.s047-04.toc-item5,"","","speaker","DR. FRANC ZAGOŽEN:"
"parl.DruzPolZb","seja",47,"1992-10-21","15:05:00","16:50:00","ZagozenFrance1942",0,"DruzPolZb.1992-10-21.s047-04.sp-406","DruzPolZb.1992-10-21.s047-04.sp-406.2",DruzPolZb.1992-10-21.s047-04.toc-item5,"taxonomy.3.8.7","topic.349","utterance","Še enkrat, da bo povsem jasno. 13. člen je ključni člen tega zakona vključno s tem amandmajem. Brez amandmaja Odbora za kmetijstvo in gozdarstvo je zakon brez pomena. Mislim in upam, da smo se odločili, da bomo zakon sprejeli, torej normalno tudi s tem amandmajem. Hvala."
"parl.DruzPolZb","seja",47,"1992-10-21","15:05:00","16:50:00","",0,"DruzPolZb.1992-10-21.s047-04.sp-407","DruzPolZb.1992-10-21.s047-04.sp-407.1",DruzPolZb.1992-10-21.s047-04.toc-item5,"","","speaker","PODPREDSEDNIK ANTON PERŠAK:"
"parl.DruzPolZb","seja",47,"1992-10-21","15:05:00","16:50:00","PersakAnton1947",1,"DruzPolZb.1992-10-21.s047-04.sp-407","DruzPolZb.1992-10-21.s047-04.sp-407.2",DruzPolZb.1992-10-21.s047-04.toc-item5,"taxonomy.3.8.7","topic.349","utterance","Predpostavljam, da boste glasovali za. Gospod Potočnik?"
"parl.DruzPolZb","seja",47,"1992-10-21","15:05:00","16:50:00","",0,"DruzPolZb.1992-10-21.s047-04.sp-408","DruzPolZb.1992-10-21.s047-04.sp-408.1",DruzPolZb.1992-10-21.s047-04.toc-item5,"","","speaker","Glas iz klopi:"
"parl.DruzPolZb","seja",47,"1992-10-21","15:05:00","16:50:00","PotočnikFranc1955",0,"DruzPolZb.1992-10-21.s047-04.sp-408","DruzPolZb.1992-10-21.s047-04.sp-408.2",DruzPolZb.1992-10-21.s047-04.toc-item5,"taxonomy.3.8.7","topic.349","utterance","Isto."
"parl.DruzPolZb","seja",47,"1992-10-21","15:05:00","16:50:00","PersakAnton1947",1,"DruzPolZb.1992-10-21.s047-04.sp-409","DruzPolZb.1992-10-21.s047-04.sp-409.1",DruzPolZb.1992-10-21.s047-04.toc-item5,"taxonomy.3.8.7","topic.349","utterance","Isto. Gospod Hobič."
"parl.DruzPolZb","seja",47,"1992-10-21","15:05:00","16:50:00","",0,"DruzPolZb.1992-10-21.s047-04.sp-410","DruzPolZb.1992-10-21.s047-04.sp-410.1",DruzPolZb.1992-10-21.s047-04.toc-item5,"","","speaker","JOŽE HOBIČ:"
"parl.DruzPolZb","seja",47,"1992-10-21","15:05:00","16:50:00","HobicJoze1955",0,"DruzPolZb.1992-10-21.s047-04.sp-410","DruzPolZb.1992-10-21.s047-04.sp-410.2",DruzPolZb.1992-10-21.s047-04.toc-item5,"taxonomy.3.8.7","topic.349","utterance","Hvala za besedo. Ja, to je takole. Nekateri so postavljali ene amandmaje k temu 13. členu različno od tega, ki ga je postavil odbor. Seveda bom glasoval za amandma odbora glede na to, da če to ne pride zraven, potem smo naredili v bistvu slabšo situacijo za lokalne komune, kot pa že je. S tem pride samo tista zemlja, ki je zdaj na občinskih skladih, v državni sklad. In nič drugega. Bistvo pa je, da pride vsa državna zemlja, da se v bistvu vsa družbena zemljišča podržavijo, da se potem lahko izvede: prvič, denacionalizacijo in drugič, da se potem sploh lahko normalno začnejo kmetijski kombinati preoblikovati po zakonu o lastninskem preoblikovanju podjetij. Drugače to ne bo možno. In to, da mi danes sprejmemo to zadevo, je samo plus; zakaj bi na en zakon obešali obe zadevi. Se pravi, če že gremo z enim korakom naprej, je to samo dobrodošlo. Ker v bistvu je to, da smo vsi podpirali in vse stranke so imele v programu neke družinske kmetije in ne več neka socialistična gospodarstva oziroma kapitalistična kmetijska velegospodrstva. To se pravi, da je ta zakon izrednega pomena, da zadeva normalno steče. In ne vem zakaj je odpor vlade bil proti temu, če je jasno, da je tudi v tem osnutku zakona o lastninskem preoblikovanju ta sklad omenjen. In to je samo en korak naprej, ki je nujno potreben, zato bom seveda glasoval za ta amandma, ker je stvar samo tako konsistentna. Hvala."
"parl.DruzPolZb","seja",47,"1992-10-21","15:05:00","16:50:00","",0,"DruzPolZb.1992-10-21.s047-04.sp-411","DruzPolZb.1992-10-21.s047-04.sp-411.1",DruzPolZb.1992-10-21.s047-04.toc-item5,"","","speaker","PODPREDSEDNIK ANTON PERŠAK:"
"parl.DruzPolZb","seja",47,"1992-10-21","15:05:00","16:50:00","PersakAnton1947",1,"DruzPolZb.1992-10-21.s047-04.sp-411","DruzPolZb.1992-10-21.s047-04.sp-411.2",DruzPolZb.1992-10-21.s047-04.toc-item5,"taxonomy.3.8.7","topic.349","utterance","Hvala. Gospod Kopač bo tudi razložil svoj glas."
"parl.DruzPolZb","seja",47,"1992-10-21","15:05:00","16:50:00","",0,"DruzPolZb.1992-10-21.s047-04.sp-412","DruzPolZb.1992-10-21.s047-04.sp-412.1",DruzPolZb.1992-10-21.s047-04.toc-item5,"","","speaker","JANEZ KOPAČ:"
"parl.DruzPolZb","seja",47,"1992-10-21","15:05:00","16:50:00","KopacJanez1961",0,"DruzPolZb.1992-10-21.s047-04.sp-412","DruzPolZb.1992-10-21.s047-04.sp-412.2",DruzPolZb.1992-10-21.s047-04.toc-item5,"taxonomy.3.8.7","topic.349","utterance","Hvala lepa za besedo. Jaz sicer ne vidim nobenega odpora vlade. Naša stranka bo z veseljem glasovala za ta amandma. Mislim, da je prišlo samo do časovne neusklajenosti med lastninskim zakonom in tem, tako, da ta stran, vsaj kar se naše stranke tiče, odločno podpira ta amandma. Glasoval bom za."
"parl.DruzPolZb","seja",47,"1992-10-21","15:05:00","16:50:00","",0,"DruzPolZb.1992-10-21.s047-04.sp-413","DruzPolZb.1992-10-21.s047-04.sp-413.1",DruzPolZb.1992-10-21.s047-04.toc-item5,"","","speaker","PODPREDSEDNIK ANTON PERŠAK:"
"parl.DruzPolZb","seja",47,"1992-10-21","15:05:00","16:50:00","PersakAnton1947",1,"DruzPolZb.1992-10-21.s047-04.sp-413","DruzPolZb.1992-10-21.s047-04.sp-413.2",DruzPolZb.1992-10-21.s047-04.toc-item5,"taxonomy.3.8.7","topic.349","utterance","No, stališče vlade ni ravno tako, ne."
"parl.DruzPolZb","seja",47,"1992-10-21","15:05:00","16:50:00","commentator",0,"DruzPolZb.1992-10-21.s047-04.sp-413","DruzPolZb.1992-10-21.s047-04.sp-413.3",DruzPolZb.1992-10-21.s047-04.toc-item5,"taxonomy.3.8.7","topic.349","vocal","Smeh v klopeh."
"parl.DruzPolZb","seja",47,"1992-10-21","15:05:00","16:50:00","PersakAnton1947",1,"DruzPolZb.1992-10-21.s047-04.sp-413","DruzPolZb.1992-10-21.s047-04.sp-413.4",DruzPolZb.1992-10-21.s047-04.toc-item5,"taxonomy.3.8.7","topic.349","utterance","Glede na trditev, da vlada ne nasprotuje; v obrazložitvi piše, da nasprotuje."
"parl.DruzPolZb","seja",47,"1992-10-21","15:05:00","16:50:00","PersakAnton1947",1,"DruzPolZb.1992-10-21.s047-04.sp-413","DruzPolZb.1992-10-21.s047-04.sp-413.5",DruzPolZb.1992-10-21.s047-04.toc-item5,"taxonomy.3.8.7","topic.349","utterance","Kdor je za, naj prosim glasuje."
"parl.DruzPolZb","seja",47,"1992-10-21","15:05:00","16:50:00","",0,"DruzPolZb.1992-10-21.s047-04.sp-413","DruzPolZb.1992-10-21.s047-04.sp-413.6",DruzPolZb.1992-10-21.s047-04.toc-item5,"","","vote","35 poslancev."
"parl.DruzPolZb","seja",47,"1992-10-21","15:05:00","16:50:00","PersakAnton1947",1,"DruzPolZb.1992-10-21.s047-04.sp-413","DruzPolZb.1992-10-21.s047-04.sp-413.7",DruzPolZb.1992-10-21.s047-04.toc-item5,"taxonomy.3.8.7","topic.349","utterance","Je kdo proti?"
"parl.DruzPolZb","seja",47,"1992-10-21","15:05:00","16:50:00","",0,"DruzPolZb.1992-10-21.s047-04.sp-413","DruzPolZb.1992-10-21.s047-04.sp-413.8",DruzPolZb.1992-10-21.s047-04.toc-item5,"","","vote","2 poslanca."
"parl.DruzPolZb","seja",47,"1992-10-21","15:05:00","16:50:00","PersakAnton1947",1,"DruzPolZb.1992-10-21.s047-04.sp-413","DruzPolZb.1992-10-21.s047-04.sp-413.9",DruzPolZb.1992-10-21.s047-04.toc-item5,"taxonomy.3.8.7","topic.349","utterance","Se je kdo vzdržal?"
"parl.DruzPolZb","seja",47,"1992-10-21","15:05:00","16:50:00","",0,"DruzPolZb.1992-10-21.s047-04.sp-413","DruzPolZb.1992-10-21.s047-04.sp-413.10",DruzPolZb.1992-10-21.s047-04.toc-item5,"","","vote","7 poslancev."
"parl.DruzPolZb","seja",47,"1992-10-21","15:05:00","16:50:00","PersakAnton1947",1,"DruzPolZb.1992-10-21.s047-04.sp-413","DruzPolZb.1992-10-21.s047-04.sp-413.11",DruzPolZb.1992-10-21.s047-04.toc-item5,"taxonomy.3.8.7","topic.349","utterance","Ugotavljam, da je s 35 glasovi za, 2 proti in 7 vzdržanimi ta amandma sprejet."
"parl.DruzPolZb","seja",47,"1992-10-21","15:05:00","16:50:00","PersakAnton1947",1,"DruzPolZb.1992-10-21.s047-04.sp-413","DruzPolZb.1992-10-21.s047-04.sp-413.12",DruzPolZb.1992-10-21.s047-04.toc-item5,"taxonomy.3.8.7","topic.349","utterance","Sprašujem gospoda Anderliča, ali to pomeni, da njegov amandma?"
"parl.DruzPolZb","seja",47,"1992-10-21","15:05:00","16:50:00","",0,"DruzPolZb.1992-10-21.s047-04.sp-413","DruzPolZb.1992-10-21.s047-04.sp-413.13",DruzPolZb.1992-10-21.s047-04.toc-item5,"taxonomy.3.8.7","topic.349","gap","Glas iz klopi - se ne razume."
"parl.DruzPolZb","seja",47,"1992-10-21","15:05:00","16:50:00","PersakAnton1947",1,"DruzPolZb.1992-10-21.s047-04.sp-413","DruzPolZb.1992-10-21.s047-04.sp-413.14",DruzPolZb.1992-10-21.s047-04.toc-item5,"taxonomy.3.8.7","topic.349","utterance","Gospod Anderlič umika."
"parl.DruzPolZb","seja",47,"1992-10-21","15:05:00","16:50:00","PersakAnton1947",1,"DruzPolZb.1992-10-21.s047-04.sp-413","DruzPolZb.1992-10-21.s047-04.sp-413.15",DruzPolZb.1992-10-21.s047-04.toc-item5,"taxonomy.3.8.7","topic.349","utterance","Imamo pa še en problem, da imamo še amandma gospoda Potrča, ki je s tem seveda postal brezpredmeten kot pravijo tudi iz njegovega kluba, ampak zahtevajo, da se glasuje o amandmaju gospoda Potrča, ki bi ga bilo seveda potem treba redakcijsko urediti. Če predlagatelj ne umakne amandmaja, ne moremo drugače."
"parl.DruzPolZb","seja",47,"1992-10-21","15:05:00","16:50:00","PersakAnton1947",1,"DruzPolZb.1992-10-21.s047-04.sp-413","DruzPolZb.1992-10-21.s047-04.sp-413.16",DruzPolZb.1992-10-21.s047-04.toc-item5,"taxonomy.3.8.7","topic.349","utterance","Prosim, kdo je za amandma gospoda Potrča, ki ga vlada podpira?"
"parl.DruzPolZb","seja",47,"1992-10-21","15:05:00","16:50:00","PersakAnton1947",1,"DruzPolZb.1992-10-21.s047-04.sp-413","DruzPolZb.1992-10-21.s047-04.sp-413.17",DruzPolZb.1992-10-21.s047-04.toc-item5,"taxonomy.3.8.7","topic.349","utterance","Kdor je za, naj prosim glasuje."
"parl.DruzPolZb","seja",47,"1992-10-21","15:05:00","16:50:00","",0,"DruzPolZb.1992-10-21.s047-04.sp-413","DruzPolZb.1992-10-21.s047-04.sp-413.18",DruzPolZb.1992-10-21.s047-04.toc-item5,"","","vote","20 poslancev."
"parl.DruzPolZb","seja",47,"1992-10-21","15:05:00","16:50:00","PersakAnton1947",1,"DruzPolZb.1992-10-21.s047-04.sp-413","DruzPolZb.1992-10-21.s047-04.sp-413.19",DruzPolZb.1992-10-21.s047-04.toc-item5,"taxonomy.3.8.7","topic.349","utterance","Je kdo proti?"
"parl.DruzPolZb","seja",47,"1992-10-21","15:05:00","16:50:00","",0,"DruzPolZb.1992-10-21.s047-04.sp-413","DruzPolZb.1992-10-21.s047-04.sp-413.20",DruzPolZb.1992-10-21.s047-04.toc-item5,"","","vote","17 poslancev."
"parl.DruzPolZb","seja",47,"1992-10-21","15:05:00","16:50:00","PersakAnton1947",1,"DruzPolZb.1992-10-21.s047-04.sp-413","DruzPolZb.1992-10-21.s047-04.sp-413.21",DruzPolZb.1992-10-21.s047-04.toc-item5,"taxonomy.3.8.7","topic.349","utterance","Se je kdo vzdržal?"
"parl.DruzPolZb","seja",47,"1992-10-21","15:05:00","16:50:00","",0,"DruzPolZb.1992-10-21.s047-04.sp-413","DruzPolZb.1992-10-21.s047-04.sp-413.22",DruzPolZb.1992-10-21.s047-04.toc-item5,"","","vote","10 poslancev."
"parl.DruzPolZb","seja",47,"1992-10-21","15:05:00","16:50:00","PersakAnton1947",1,"DruzPolZb.1992-10-21.s047-04.sp-413","DruzPolZb.1992-10-21.s047-04.sp-413.23",DruzPolZb.1992-10-21.s047-04.toc-item5,"taxonomy.3.8.7","topic.349","utterance","Ugotavljam, da z 20 glasovi za, 17 proti in 10 vzdržanimi amandma ni sprejet."
"parl.DruzPolZb","seja",47,"1992-10-21","15:05:00","16:50:00","PersakAnton1947",1,"DruzPolZb.1992-10-21.s047-04.sp-413","DruzPolZb.1992-10-21.s047-04.sp-413.24",DruzPolZb.1992-10-21.s047-04.toc-item5,"taxonomy.3.8.7","topic.349","utterance","Naslednji amandma se nanaša na četrti odstavek 13. člena. To je amandma gospoda Magajne, ki ga imate na strani 4 v sredini pod številko 6. Vlada amandmaju nasprotuje."
"parl.DruzPolZb","seja",47,"1992-10-21","15:05:00","16:50:00","PersakAnton1947",1,"DruzPolZb.1992-10-21.s047-04.sp-413","DruzPolZb.1992-10-21.s047-04.sp-413.25",DruzPolZb.1992-10-21.s047-04.toc-item5,"taxonomy.3.8.7","topic.349","utterance","Kdor je za, naj prosim glasuje."
"parl.DruzPolZb","seja",47,"1992-10-21","15:05:00","16:50:00","",0,"DruzPolZb.1992-10-21.s047-04.sp-413","DruzPolZb.1992-10-21.s047-04.sp-413.26",DruzPolZb.1992-10-21.s047-04.toc-item5,"","","vote","4 poslanci."
"parl.DruzPolZb","seja",47,"1992-10-21","15:05:00","16:50:00","PersakAnton1947",1,"DruzPolZb.1992-10-21.s047-04.sp-413","DruzPolZb.1992-10-21.s047-04.sp-413.27",DruzPolZb.1992-10-21.s047-04.toc-item5,"taxonomy.3.8.7","topic.349","utterance","Je kdo proti?"
"parl.DruzPolZb","seja",47,"1992-10-21","15:05:00","16:50:00","",0,"DruzPolZb.1992-10-21.s047-04.sp-413","DruzPolZb.1992-10-21.s047-04.sp-413.28",DruzPolZb.1992-10-21.s047-04.toc-item5,"","","vote","15 poslancev."
"parl.DruzPolZb","seja",47,"1992-10-21","15:05:00","16:50:00","PersakAnton1947",1,"DruzPolZb.1992-10-21.s047-04.sp-413","DruzPolZb.1992-10-21.s047-04.sp-413.29",DruzPolZb.1992-10-21.s047-04.toc-item5,"taxonomy.3.8.7","topic.349","utterance","Se je kdo vzdržal?"
"parl.DruzPolZb","seja",47,"1992-10-21","15:05:00","16:50:00","",0,"DruzPolZb.1992-10-21.s047-04.sp-413","DruzPolZb.1992-10-21.s047-04.sp-413.30",DruzPolZb.1992-10-21.s047-04.toc-item5,"","","vote","21 poslancev."
"parl.DruzPolZb","seja",47,"1992-10-21","15:05:00","16:50:00","PersakAnton1947",1,"DruzPolZb.1992-10-21.s047-04.sp-413","DruzPolZb.1992-10-21.s047-04.sp-413.31",DruzPolZb.1992-10-21.s047-04.toc-item5,"taxonomy.3.8.7","topic.349","utterance","Ugotavljam, da s 4 glasovi za, 15 proti in 21 vzdržanimi amandma ni sprejet."
"parl.DruzPolZb","seja",47,"1992-10-21","15:05:00","16:50:00","PersakAnton1947",1,"DruzPolZb.1992-10-21.s047-04.sp-413","DruzPolZb.1992-10-21.s047-04.sp-413.32",DruzPolZb.1992-10-21.s047-04.toc-item5,"taxonomy.3.8.7","topic.349","utterance","Odbor je vložil še en amandma ravno tako na četrti odstavek 13. člena, ki pravi: ""Vsi prihodki od gospodarjenja"" itn., imate pod številko 7. Kaj meni vlada o tem amandmaju?"
"parl.DruzPolZb","seja",47,"1992-10-21","15:05:00","16:50:00","",0,"DruzPolZb.1992-10-21.s047-04.sp-413","DruzPolZb.1992-10-21.s047-04.sp-413.33",DruzPolZb.1992-10-21.s047-04.toc-item5,"taxonomy.3.8.7","topic.349","gap","Odgovor iz klopi - se ne sliši."
"parl.DruzPolZb","seja",47,"1992-10-21","15:05:00","16:50:00","PersakAnton1947",1,"DruzPolZb.1992-10-21.s047-04.sp-413","DruzPolZb.1992-10-21.s047-04.sp-413.34",DruzPolZb.1992-10-21.s047-04.toc-item5,"taxonomy.3.8.7","topic.349","utterance","Hvala. Se pravi je harmonija med vlado in odborom. Kdo je za?"
"parl.DruzPolZb","seja",47,"1992-10-21","15:05:00","16:50:00","PersakAnton1947",1,"DruzPolZb.1992-10-21.s047-04.sp-413","DruzPolZb.1992-10-21.s047-04.sp-413.35",DruzPolZb.1992-10-21.s047-04.toc-item5,"taxonomy.3.8.7","topic.349","utterance","Kdor je za, naj prosim glasuje."
"parl.DruzPolZb","seja",47,"1992-10-21","15:05:00","16:50:00","",0,"DruzPolZb.1992-10-21.s047-04.sp-413","DruzPolZb.1992-10-21.s047-04.sp-413.36",DruzPolZb.1992-10-21.s047-04.toc-item5,"","","vote","40 poslancev."
"parl.DruzPolZb","seja",47,"1992-10-21","15:05:00","16:50:00","PersakAnton1947",1,"DruzPolZb.1992-10-21.s047-04.sp-413","DruzPolZb.1992-10-21.s047-04.sp-413.37",DruzPolZb.1992-10-21.s047-04.toc-item5,"taxonomy.3.8.7","topic.349","utterance","Je kdo proti?"
"parl.DruzPolZb","seja",47,"1992-10-21","15:05:00","16:50:00","",0,"DruzPolZb.1992-10-21.s047-04.sp-413","DruzPolZb.1992-10-21.s047-04.sp-413.38",DruzPolZb.1992-10-21.s047-04.toc-item5,"","","vote","1 poslanec."
"parl.DruzPolZb","seja",47,"1992-10-21","15:05:00","16:50:00","PersakAnton1947",1,"DruzPolZb.1992-10-21.s047-04.sp-413","DruzPolZb.1992-10-21.s047-04.sp-413.39",DruzPolZb.1992-10-21.s047-04.toc-item5,"taxonomy.3.8.7","topic.349","utterance","Se je kdo vzdržal?"
"parl.DruzPolZb","seja",47,"1992-10-21","15:05:00","16:50:00","",0,"DruzPolZb.1992-10-21.s047-04.sp-413","DruzPolZb.1992-10-21.s047-04.sp-413.40",DruzPolZb.1992-10-21.s047-04.toc-item5,"","","vote","Nihče."
"parl.DruzPolZb","seja",47,"1992-10-21","15:05:00","16:50:00","PersakAnton1947",1,"DruzPolZb.1992-10-21.s047-04.sp-413","DruzPolZb.1992-10-21.s047-04.sp-413.41",DruzPolZb.1992-10-21.s047-04.toc-item5,"taxonomy.3.8.7","topic.349","utterance","Ugotavljam, da je s 40 glasovi za in enim proti amandma sprejet."
"parl.DruzPolZb","seja",47,"1992-10-21","15:05:00","16:50:00","PersakAnton1947",1,"DruzPolZb.1992-10-21.s047-04.sp-413","DruzPolZb.1992-10-21.s047-04.sp-413.42",DruzPolZb.1992-10-21.s047-04.toc-item5,"taxonomy.3.8.7","topic.349","utterance","K 14. členu je vložil amandma gospod Magajna (na strani 4 spodaj pod 1). Vlada mu nasprotuje."
"parl.DruzPolZb","seja",47,"1992-10-21","15:05:00","16:50:00","PersakAnton1947",1,"DruzPolZb.1992-10-21.s047-04.sp-413","DruzPolZb.1992-10-21.s047-04.sp-413.43",DruzPolZb.1992-10-21.s047-04.toc-item5,"taxonomy.3.8.7","topic.349","utterance","Kdor je za, naj prosim glasuje."
"parl.DruzPolZb","seja",47,"1992-10-21","15:05:00","16:50:00","",0,"DruzPolZb.1992-10-21.s047-04.sp-413","DruzPolZb.1992-10-21.s047-04.sp-413.44",DruzPolZb.1992-10-21.s047-04.toc-item5,"","","vote","7 poslancev."
"parl.DruzPolZb","seja",47,"1992-10-21","15:05:00","16:50:00","PersakAnton1947",1,"DruzPolZb.1992-10-21.s047-04.sp-413","DruzPolZb.1992-10-21.s047-04.sp-413.45",DruzPolZb.1992-10-21.s047-04.toc-item5,"taxonomy.3.8.7","topic.349","utterance","Je kdo proti?"
"parl.DruzPolZb","seja",47,"1992-10-21","15:05:00","16:50:00","",0,"DruzPolZb.1992-10-21.s047-04.sp-413","DruzPolZb.1992-10-21.s047-04.sp-413.46",DruzPolZb.1992-10-21.s047-04.toc-item5,"","","vote","13 poslancev."
"parl.DruzPolZb","seja",47,"1992-10-21","15:05:00","16:50:00","PersakAnton1947",1,"DruzPolZb.1992-10-21.s047-04.sp-413","DruzPolZb.1992-10-21.s047-04.sp-413.47",DruzPolZb.1992-10-21.s047-04.toc-item5,"taxonomy.3.8.7","topic.349","utterance","Se je kdo vzdržal?"
"parl.DruzPolZb","seja",47,"1992-10-21","15:05:00","16:50:00","",0,"DruzPolZb.1992-10-21.s047-04.sp-413","DruzPolZb.1992-10-21.s047-04.sp-413.48",DruzPolZb.1992-10-21.s047-04.toc-item5,"","","vote","17 poslancev."
"parl.DruzPolZb","seja",47,"1992-10-21","15:05:00","16:50:00","PersakAnton1947",1,"DruzPolZb.1992-10-21.s047-04.sp-413","DruzPolZb.1992-10-21.s047-04.sp-413.49",DruzPolZb.1992-10-21.s047-04.toc-item5,"taxonomy.3.8.7","topic.349","utterance","Ugotavljam, da s 7 glasovi za, 13 proti, 17 vzdržanimi amandma ni sprejet."
"parl.DruzPolZb","seja",47,"1992-10-21","15:05:00","16:50:00","PersakAnton1947",1,"DruzPolZb.1992-10-21.s047-04.sp-413","DruzPolZb.1992-10-21.s047-04.sp-413.50",DruzPolZb.1992-10-21.s047-04.toc-item5,"taxonomy.3.8.7","topic.349","utterance","Naslednji amandma je vložil gospod Kolešnik k temu členu, da se črta drugi odstavek 14. člena in še nekaj besedila prej (na strani 4 spodaj, 5 zgoraj). Spremeni se prvi odstavek in črta drugi odstavek. Amandma imate na strani 4 spodaj in 5 zgoraj. Vlada ne podpira. Gospod Kolešnik bo razložil svoj glas. Gospod Kolešnik umika svoj amandma."
"parl.DruzPolZb","seja",47,"1992-10-21","15:05:00","16:50:00","PersakAnton1947",1,"DruzPolZb.1992-10-21.s047-04.sp-413","DruzPolZb.1992-10-21.s047-04.sp-413.51",DruzPolZb.1992-10-21.s047-04.toc-item5,"taxonomy.3.8.7","topic.349","utterance","K 15. členu je vložil amandma gospod Potrč. Prvi in drugi odstavek se črtata. Vlada podpira. Prosim, gospa Lippai bo pojasnila odnos vlade."
"parl.DruzPolZb","seja",47,"1992-10-21","15:05:00","16:50:00","",0,"DruzPolZb.1992-10-21.s047-04.sp-414","DruzPolZb.1992-10-21.s047-04.sp-414.1",DruzPolZb.1992-10-21.s047-04.toc-item5,"","","speaker","MARTINA LIPPAI:"
"parl.DruzPolZb","seja",47,"1992-10-21","15:05:00","16:50:00","LippaiMartina",0,"DruzPolZb.1992-10-21.s047-04.sp-414","DruzPolZb.1992-10-21.s047-04.sp-414.2",DruzPolZb.1992-10-21.s047-04.toc-item5,"taxonomy.3.8.7","topic.349","utterance","Ta amandma je vlada podpirala ob svojem stališču do 13. člena. Zdaj, ker je izglasovano, da se vsa zemljišča in gozdovi v družbeni lasti prenesejo v ta sklad, postane ta amandma strahotno problematičen zaradi tega, ker če bi ga sprejeli, bi onemogočil sedanjim obdelovalcev nadaljnjo obdelavo teh zemljišč. Zato ne moremo podpirati tega amandmaja."
"parl.DruzPolZb","seja",47,"1992-10-21","15:05:00","16:50:00","",0,"DruzPolZb.1992-10-21.s047-04.sp-415","DruzPolZb.1992-10-21.s047-04.sp-415.1",DruzPolZb.1992-10-21.s047-04.toc-item5,"","","speaker","PODPREDSEDNIK ANTON PERŠAK:"
"parl.DruzPolZb","seja",47,"1992-10-21","15:05:00","16:50:00","PersakAnton1947",1,"DruzPolZb.1992-10-21.s047-04.sp-415","DruzPolZb.1992-10-21.s047-04.sp-415.2",DruzPolZb.1992-10-21.s047-04.toc-item5,"taxonomy.3.8.7","topic.349","utterance","Hvala. Vlada ne podpira amandmaja."
"parl.DruzPolZb","seja",47,"1992-10-21","15:05:00","16:50:00","PersakAnton1947",1,"DruzPolZb.1992-10-21.s047-04.sp-415","DruzPolZb.1992-10-21.s047-04.sp-415.3",DruzPolZb.1992-10-21.s047-04.toc-item5,"taxonomy.3.8.7","topic.349","utterance","Kdor je za amandma k 15. členu pod številka 1."
"parl.DruzPolZb","seja",47,"1992-10-21","15:05:00","16:50:00","PersakAnton1947",1,"DruzPolZb.1992-10-21.s047-04.sp-415","DruzPolZb.1992-10-21.s047-04.sp-415.4",DruzPolZb.1992-10-21.s047-04.toc-item5,"taxonomy.3.8.7","topic.349","utterance","Kdor je za, naj prosim glasuje."
"parl.DruzPolZb","seja",47,"1992-10-21","15:05:00","16:50:00","",0,"DruzPolZb.1992-10-21.s047-04.sp-415","DruzPolZb.1992-10-21.s047-04.sp-415.5",DruzPolZb.1992-10-21.s047-04.toc-item5,"","","vote","7 poslancev."
"parl.DruzPolZb","seja",47,"1992-10-21","15:05:00","16:50:00","PersakAnton1947",1,"DruzPolZb.1992-10-21.s047-04.sp-415","DruzPolZb.1992-10-21.s047-04.sp-415.6",DruzPolZb.1992-10-21.s047-04.toc-item5,"taxonomy.3.8.7","topic.349","utterance","Je kdo proti?"
"parl.DruzPolZb","seja",47,"1992-10-21","15:05:00","16:50:00","",0,"DruzPolZb.1992-10-21.s047-04.sp-415","DruzPolZb.1992-10-21.s047-04.sp-415.7",DruzPolZb.1992-10-21.s047-04.toc-item5,"","","vote","15 poslancev."
"parl.DruzPolZb","seja",47,"1992-10-21","15:05:00","16:50:00","PersakAnton1947",1,"DruzPolZb.1992-10-21.s047-04.sp-415","DruzPolZb.1992-10-21.s047-04.sp-415.8",DruzPolZb.1992-10-21.s047-04.toc-item5,"taxonomy.3.8.7","topic.349","utterance","Se je kdo vzdržal?"
"parl.DruzPolZb","seja",47,"1992-10-21","15:05:00","16:50:00","",0,"DruzPolZb.1992-10-21.s047-04.sp-415","DruzPolZb.1992-10-21.s047-04.sp-415.9",DruzPolZb.1992-10-21.s047-04.toc-item5,"","","vote","22 poslancev."
"parl.DruzPolZb","seja",47,"1992-10-21","15:05:00","16:50:00","PersakAnton1947",1,"DruzPolZb.1992-10-21.s047-04.sp-415","DruzPolZb.1992-10-21.s047-04.sp-415.10",DruzPolZb.1992-10-21.s047-04.toc-item5,"taxonomy.3.8.7","topic.349","utterance","Ugotavljam, da s 7 glasovi za, 15 proti in 22 vzdržanimi amandma ni sprejet."
"parl.DruzPolZb","seja",47,"1992-10-21","15:05:00","16:50:00","PersakAnton1947",1,"DruzPolZb.1992-10-21.s047-04.sp-415","DruzPolZb.1992-10-21.s047-04.sp-415.11",DruzPolZb.1992-10-21.s047-04.toc-item5,"taxonomy.3.8.7","topic.349","utterance","Drugi amandma je vložil Andrej Magajna, da se prvi odstavek spremeni tako, da se glasi, kot piše pod številko dva na strani pet. Vlada ne podpira, odbor ne podpira."
"parl.DruzPolZb","seja",47,"1992-10-21","15:05:00","16:50:00","PersakAnton1947",1,"DruzPolZb.1992-10-21.s047-04.sp-415","DruzPolZb.1992-10-21.s047-04.sp-415.12",DruzPolZb.1992-10-21.s047-04.toc-item5,"taxonomy.3.8.7","topic.349","utterance","Kdor je za, naj prosim glasuje."
"parl.DruzPolZb","seja",47,"1992-10-21","15:05:00","16:50:00","",0,"DruzPolZb.1992-10-21.s047-04.sp-415","DruzPolZb.1992-10-21.s047-04.sp-415.13",DruzPolZb.1992-10-21.s047-04.toc-item5,"","","vote","2 poslanca."
"parl.DruzPolZb","seja",47,"1992-10-21","15:05:00","16:50:00","PersakAnton1947",1,"DruzPolZb.1992-10-21.s047-04.sp-415","DruzPolZb.1992-10-21.s047-04.sp-415.14",DruzPolZb.1992-10-21.s047-04.toc-item5,"taxonomy.3.8.7","topic.349","utterance","Je kdo proti?"
"parl.DruzPolZb","seja",47,"1992-10-21","15:05:00","16:50:00","",0,"DruzPolZb.1992-10-21.s047-04.sp-415","DruzPolZb.1992-10-21.s047-04.sp-415.15",DruzPolZb.1992-10-21.s047-04.toc-item5,"","","vote","19 poslancev."
"parl.DruzPolZb","seja",47,"1992-10-21","15:05:00","16:50:00","PersakAnton1947",1,"DruzPolZb.1992-10-21.s047-04.sp-415","DruzPolZb.1992-10-21.s047-04.sp-415.16",DruzPolZb.1992-10-21.s047-04.toc-item5,"taxonomy.3.8.7","topic.349","utterance","Se je kdo vzdržal?"
"parl.DruzPolZb","seja",47,"1992-10-21","15:05:00","16:50:00","",0,"DruzPolZb.1992-10-21.s047-04.sp-415","DruzPolZb.1992-10-21.s047-04.sp-415.17",DruzPolZb.1992-10-21.s047-04.toc-item5,"","","vote","19 poslancev."
"parl.DruzPolZb","seja",47,"1992-10-21","15:05:00","16:50:00","PersakAnton1947",1,"DruzPolZb.1992-10-21.s047-04.sp-415","DruzPolZb.1992-10-21.s047-04.sp-415.18",DruzPolZb.1992-10-21.s047-04.toc-item5,"taxonomy.3.8.7","topic.349","utterance","Ugotavljam, da z 2 glasovoma za, 19 proti in 19 vzdržanimi amandma ni sprejet."
"parl.DruzPolZb","seja",47,"1992-10-21","15:05:00","16:50:00","PersakAnton1947",1,"DruzPolZb.1992-10-21.s047-04.sp-415","DruzPolZb.1992-10-21.s047-04.sp-415.19",DruzPolZb.1992-10-21.s047-04.toc-item5,"taxonomy.3.8.7","topic.349","utterance","Naslednji amandma je ravno tako vložil gospod Magajna na strani pet spodaj. Vlada je ta amandma smiselno prevzela in dala svoj amandma, kot piše, Odbor ga pa ne podpira."
"parl.DruzPolZb","seja",47,"1992-10-21","15:05:00","16:50:00","PersakAnton1947",1,"DruzPolZb.1992-10-21.s047-04.sp-415","DruzPolZb.1992-10-21.s047-04.sp-415.20",DruzPolZb.1992-10-21.s047-04.toc-item5,"taxonomy.3.8.7","topic.349","utterance","Kdor je za, naj prosim glasuje."
"parl.DruzPolZb","seja",47,"1992-10-21","15:05:00","16:50:00","",0,"DruzPolZb.1992-10-21.s047-04.sp-415","DruzPolZb.1992-10-21.s047-04.sp-415.21",DruzPolZb.1992-10-21.s047-04.toc-item5,"","","vote","7 poslancev."
"parl.DruzPolZb","seja",47,"1992-10-21","15:05:00","16:50:00","PersakAnton1947",1,"DruzPolZb.1992-10-21.s047-04.sp-415","DruzPolZb.1992-10-21.s047-04.sp-415.22",DruzPolZb.1992-10-21.s047-04.toc-item5,"taxonomy.3.8.7","topic.349","utterance","Je kdo proti?"
"parl.DruzPolZb","seja",47,"1992-10-21","15:05:00","16:50:00","",0,"DruzPolZb.1992-10-21.s047-04.sp-415","DruzPolZb.1992-10-21.s047-04.sp-415.23",DruzPolZb.1992-10-21.s047-04.toc-item5,"","","vote","16 poslancev."
"parl.DruzPolZb","seja",47,"1992-10-21","15:05:00","16:50:00","PersakAnton1947",1,"DruzPolZb.1992-10-21.s047-04.sp-415","DruzPolZb.1992-10-21.s047-04.sp-415.24",DruzPolZb.1992-10-21.s047-04.toc-item5,"taxonomy.3.8.7","topic.349","utterance","Se je kdo vzdržal?"
"parl.DruzPolZb","seja",47,"1992-10-21","15:05:00","16:50:00","",0,"DruzPolZb.1992-10-21.s047-04.sp-415","DruzPolZb.1992-10-21.s047-04.sp-415.25",DruzPolZb.1992-10-21.s047-04.toc-item5,"","","vote","19 poslancev."
"parl.DruzPolZb","seja",47,"1992-10-21","15:05:00","16:50:00","PersakAnton1947",1,"DruzPolZb.1992-10-21.s047-04.sp-415","DruzPolZb.1992-10-21.s047-04.sp-415.26",DruzPolZb.1992-10-21.s047-04.toc-item5,"taxonomy.3.8.7","topic.349","utterance","Ugotavljam, da s 7 glasovi za, 16 proti in 19 vzdržanimi amandma ni sprejet."
"parl.DruzPolZb","seja",47,"1992-10-21","15:05:00","16:50:00","PersakAnton1947",1,"DruzPolZb.1992-10-21.s047-04.sp-415","DruzPolZb.1992-10-21.s047-04.sp-415.27",DruzPolZb.1992-10-21.s047-04.toc-item5,"taxonomy.3.8.7","topic.349","utterance","Gospod Anderlič je vložil amandma, ki ga imate na strani 6 pod številko štiri zgoraj. Vlada ne podpira. Odbor ne podpira."
"parl.DruzPolZb","seja",47,"1992-10-21","15:05:00","16:50:00","PersakAnton1947",1,"DruzPolZb.1992-10-21.s047-04.sp-415","DruzPolZb.1992-10-21.s047-04.sp-415.28",DruzPolZb.1992-10-21.s047-04.toc-item5,"taxonomy.3.8.7","topic.349","utterance","Kdor je za, naj prosim glasuje."
"parl.DruzPolZb","seja",47,"1992-10-21","15:05:00","16:50:00","",0,"DruzPolZb.1992-10-21.s047-04.sp-415","DruzPolZb.1992-10-21.s047-04.sp-415.29",DruzPolZb.1992-10-21.s047-04.toc-item5,"","","vote","8 poslancev."
"parl.DruzPolZb","seja",47,"1992-10-21","15:05:00","16:50:00","PersakAnton1947",1,"DruzPolZb.1992-10-21.s047-04.sp-415","DruzPolZb.1992-10-21.s047-04.sp-415.30",DruzPolZb.1992-10-21.s047-04.toc-item5,"taxonomy.3.8.7","topic.349","utterance","Je kdo proti?"
"parl.DruzPolZb","seja",47,"1992-10-21","15:05:00","16:50:00","",0,"DruzPolZb.1992-10-21.s047-04.sp-415","DruzPolZb.1992-10-21.s047-04.sp-415.31",DruzPolZb.1992-10-21.s047-04.toc-item5,"","","vote","11 poslancev."
"parl.DruzPolZb","seja",47,"1992-10-21","15:05:00","16:50:00","PersakAnton1947",1,"DruzPolZb.1992-10-21.s047-04.sp-415","DruzPolZb.1992-10-21.s047-04.sp-415.32",DruzPolZb.1992-10-21.s047-04.toc-item5,"taxonomy.3.8.7","topic.349","utterance","Se je kdo vzdržal?"
"parl.DruzPolZb","seja",47,"1992-10-21","15:05:00","16:50:00","",0,"DruzPolZb.1992-10-21.s047-04.sp-415","DruzPolZb.1992-10-21.s047-04.sp-415.33",DruzPolZb.1992-10-21.s047-04.toc-item5,"","","vote","18 poslancev."
"parl.DruzPolZb","seja",47,"1992-10-21","15:05:00","16:50:00","PersakAnton1947",1,"DruzPolZb.1992-10-21.s047-04.sp-415","DruzPolZb.1992-10-21.s047-04.sp-415.34",DruzPolZb.1992-10-21.s047-04.toc-item5,"taxonomy.3.8.7","topic.349","utterance","Ugotavljam, da z 8 glasovi za, 11 proti in 18 vzdržanimi amandma ni sprejet."
"parl.DruzPolZb","seja",47,"1992-10-21","15:05:00","16:50:00","PersakAnton1947",1,"DruzPolZb.1992-10-21.s047-04.sp-415","DruzPolZb.1992-10-21.s047-04.sp-415.35",DruzPolZb.1992-10-21.s047-04.toc-item5,"taxonomy.3.8.7","topic.349","utterance","Gospod Juri je vložil amandma pod številko pet na strani 6 v sredini. Vlada amandma podpira."
"parl.DruzPolZb","seja",47,"1992-10-21","15:05:00","16:50:00","PersakAnton1947",1,"DruzPolZb.1992-10-21.s047-04.sp-415","DruzPolZb.1992-10-21.s047-04.sp-415.36",DruzPolZb.1992-10-21.s047-04.toc-item5,"taxonomy.3.8.7","topic.349","utterance","Kdor je za, naj prosim glasuje."
"parl.DruzPolZb","seja",47,"1992-10-21","15:05:00","16:50:00","",0,"DruzPolZb.1992-10-21.s047-04.sp-415","DruzPolZb.1992-10-21.s047-04.sp-415.37",DruzPolZb.1992-10-21.s047-04.toc-item5,"","","vote","23 poslancev."
"parl.DruzPolZb","seja",47,"1992-10-21","15:05:00","16:50:00","PersakAnton1947",1,"DruzPolZb.1992-10-21.s047-04.sp-415","DruzPolZb.1992-10-21.s047-04.sp-415.38",DruzPolZb.1992-10-21.s047-04.toc-item5,"taxonomy.3.8.7","topic.349","utterance","Je kdo proti?"
"parl.DruzPolZb","seja",47,"1992-10-21","15:05:00","16:50:00","",0,"DruzPolZb.1992-10-21.s047-04.sp-415","DruzPolZb.1992-10-21.s047-04.sp-415.39",DruzPolZb.1992-10-21.s047-04.toc-item5,"","","vote","10 poslancev."
"parl.DruzPolZb","seja",47,"1992-10-21","15:05:00","16:50:00","PersakAnton1947",1,"DruzPolZb.1992-10-21.s047-04.sp-415","DruzPolZb.1992-10-21.s047-04.sp-415.40",DruzPolZb.1992-10-21.s047-04.toc-item5,"taxonomy.3.8.7","topic.349","utterance","Se je kdo vzdržal?"
"parl.DruzPolZb","seja",47,"1992-10-21","15:05:00","16:50:00","",0,"DruzPolZb.1992-10-21.s047-04.sp-415","DruzPolZb.1992-10-21.s047-04.sp-415.41",DruzPolZb.1992-10-21.s047-04.toc-item5,"","","vote","8 poslancev."
"parl.DruzPolZb","seja",47,"1992-10-21","15:05:00","16:50:00","PersakAnton1947",1,"DruzPolZb.1992-10-21.s047-04.sp-415","DruzPolZb.1992-10-21.s047-04.sp-415.42",DruzPolZb.1992-10-21.s047-04.toc-item5,"taxonomy.3.8.7","topic.349","utterance","Ugotavljam, da je s 23 glasovi za, 10 proti in 8 vzdržanimi amandma sprejet."
"parl.DruzPolZb","seja",47,"1992-10-21","15:05:00","16:50:00","PersakAnton1947",1,"DruzPolZb.1992-10-21.s047-04.sp-415","DruzPolZb.1992-10-21.s047-04.sp-415.43",DruzPolZb.1992-10-21.s047-04.toc-item5,"taxonomy.3.8.7","topic.349","utterance","Gospod Anderlič je vložil amandma pod številko šest na strani 6. Vlada nasprotuje. Odbor ne podpira. Gospod Anderlič bo obrazložil glas."
"parl.DruzPolZb","seja",47,"1992-10-21","15:05:00","16:50:00","",0,"DruzPolZb.1992-10-21.s047-04.sp-416","DruzPolZb.1992-10-21.s047-04.sp-416.1",DruzPolZb.1992-10-21.s047-04.toc-item5,"","","speaker","TONE ANDERLIČ:"
"parl.DruzPolZb","seja",47,"1992-10-21","15:05:00","16:50:00","AnderlicTone1956",0,"DruzPolZb.1992-10-21.s047-04.sp-416","DruzPolZb.1992-10-21.s047-04.sp-416.2",DruzPolZb.1992-10-21.s047-04.toc-item5,"taxonomy.3.8.7","topic.349","utterance","Glasoval bom za, zato ker smatram, da bi dosedanji upravičenci oziroma upravljalci na teh kmetijskih zemljiščih bili prikrajšani v odnosu do drugih, ki delajo v družbenih podjetjih, da se preprosto tem ljudem vse vzame, se da v sklad in nimajo nobene možnosti niti do brezplačne razdelitve delnic ali kakšnih koli drugih zadev, saj bi se na nek način omogočila ali prerazporeditev ali dokup delovne dobe ali kakršnekoli druge zadeve, da bi iz tega naslova ti upravičenci te stvari poplačali. Hvala."
"parl.DruzPolZb","seja",47,"1992-10-21","15:05:00","16:50:00","",0,"DruzPolZb.1992-10-21.s047-04.sp-417","DruzPolZb.1992-10-21.s047-04.sp-417.1",DruzPolZb.1992-10-21.s047-04.toc-item5,"","","speaker","PODPREDSEDNIK ANTON PERŠAK:"
"parl.DruzPolZb","seja",47,"1992-10-21","15:05:00","16:50:00","PersakAnton1947",1,"DruzPolZb.1992-10-21.s047-04.sp-417","DruzPolZb.1992-10-21.s047-04.sp-417.2",DruzPolZb.1992-10-21.s047-04.toc-item5,"taxonomy.3.8.7","topic.349","utterance","Hvala! Preverjamo navzočnost."
"parl.DruzPolZb","seja",47,"1992-10-21","15:05:00","16:50:00","",0,"DruzPolZb.1992-10-21.s047-04.sp-417","DruzPolZb.1992-10-21.s047-04.sp-417.3",DruzPolZb.1992-10-21.s047-04.toc-item5,"","","quorum","45 navzočih."
"parl.DruzPolZb","seja",47,"1992-10-21","15:05:00","16:50:00","PersakAnton1947",1,"DruzPolZb.1992-10-21.s047-04.sp-417","DruzPolZb.1992-10-21.s047-04.sp-417.4",DruzPolZb.1992-10-21.s047-04.toc-item5,"taxonomy.3.8.7","topic.349","utterance","Kdor je za, naj prosim glasuje."
"parl.DruzPolZb","seja",47,"1992-10-21","15:05:00","16:50:00","",0,"DruzPolZb.1992-10-21.s047-04.sp-417","DruzPolZb.1992-10-21.s047-04.sp-417.5",DruzPolZb.1992-10-21.s047-04.toc-item5,"","","vote","22 poslancev."
"parl.DruzPolZb","seja",47,"1992-10-21","15:05:00","16:50:00","PersakAnton1947",1,"DruzPolZb.1992-10-21.s047-04.sp-417","DruzPolZb.1992-10-21.s047-04.sp-417.6",DruzPolZb.1992-10-21.s047-04.toc-item5,"taxonomy.3.8.7","topic.349","utterance","Je kdo proti?"
"parl.DruzPolZb","seja",47,"1992-10-21","15:05:00","16:50:00","",0,"DruzPolZb.1992-10-21.s047-04.sp-417","DruzPolZb.1992-10-21.s047-04.sp-417.7",DruzPolZb.1992-10-21.s047-04.toc-item5,"","","vote","11 poslancev."
"parl.DruzPolZb","seja",47,"1992-10-21","15:05:00","16:50:00","PersakAnton1947",1,"DruzPolZb.1992-10-21.s047-04.sp-417","DruzPolZb.1992-10-21.s047-04.sp-417.8",DruzPolZb.1992-10-21.s047-04.toc-item5,"taxonomy.3.8.7","topic.349","utterance","Se je kdo vzdržal?"
"parl.DruzPolZb","seja",47,"1992-10-21","15:05:00","16:50:00","",0,"DruzPolZb.1992-10-21.s047-04.sp-417","DruzPolZb.1992-10-21.s047-04.sp-417.9",DruzPolZb.1992-10-21.s047-04.toc-item5,"","","vote","11 poslancev."
"parl.DruzPolZb","seja",47,"1992-10-21","15:05:00","16:50:00","PersakAnton1947",1,"DruzPolZb.1992-10-21.s047-04.sp-417","DruzPolZb.1992-10-21.s047-04.sp-417.10",DruzPolZb.1992-10-21.s047-04.toc-item5,"taxonomy.3.8.7","topic.349","utterance","Ugotavljam, da z 22 glasovi za, 11 proti in 11 vzdržanimi amandma ni sprejet."
"parl.DruzPolZb","seja",47,"1992-10-21","15:05:00","16:50:00","PersakAnton1947",1,"DruzPolZb.1992-10-21.s047-04.sp-417","DruzPolZb.1992-10-21.s047-04.sp-417.11",DruzPolZb.1992-10-21.s047-04.toc-item5,"taxonomy.3.8.7","topic.349","utterance","Gospod Kolešnik je vložil amandma k 16. členu. Prosim? Ni smiselno. Hvala."
"parl.DruzPolZb","seja",47,"1992-10-21","15:05:00","16:50:00","PersakAnton1947",1,"DruzPolZb.1992-10-21.s047-04.sp-417","DruzPolZb.1992-10-21.s047-04.sp-417.12",DruzPolZb.1992-10-21.s047-04.toc-item5,"taxonomy.3.8.7","topic.349","utterance","Gospod Magajna je vložil amandma na strani 7 pod številko dva tudi k temu 16. členu. Vlada ga podpira in je dala v zvezi s tem še svoj amandma. To pomeni, da je ta vsebina že sanirana? Predlagatelja pa ni tukaj. Jaz predlagam, da vseeno glasujemo zato, da ne bo ugovorov. Če bo prišlo do kolizije, bo usklajevalna komisija to ugotovila; ker brez predlagatelja ne moremo umakniti amandmaja."
"parl.DruzPolZb","seja",47,"1992-10-21","15:05:00","16:50:00","PersakAnton1947",1,"DruzPolZb.1992-10-21.s047-04.sp-417","DruzPolZb.1992-10-21.s047-04.sp-417.13",DruzPolZb.1992-10-21.s047-04.toc-item5,"taxonomy.3.8.7","topic.349","utterance","Kdor je za, naj prosim glasuje."
"parl.DruzPolZb","seja",47,"1992-10-21","15:05:00","16:50:00","",0,"DruzPolZb.1992-10-21.s047-04.sp-417","DruzPolZb.1992-10-21.s047-04.sp-417.14",DruzPolZb.1992-10-21.s047-04.toc-item5,"","","vote","4 poslanci."
"parl.DruzPolZb","seja",47,"1992-10-21","15:05:00","16:50:00","PersakAnton1947",1,"DruzPolZb.1992-10-21.s047-04.sp-417","DruzPolZb.1992-10-21.s047-04.sp-417.15",DruzPolZb.1992-10-21.s047-04.toc-item5,"taxonomy.3.8.7","topic.349","utterance","Je kdo proti?"
"parl.DruzPolZb","seja",47,"1992-10-21","15:05:00","16:50:00","",0,"DruzPolZb.1992-10-21.s047-04.sp-417","DruzPolZb.1992-10-21.s047-04.sp-417.16",DruzPolZb.1992-10-21.s047-04.toc-item5,"","","vote","15 poslancev."
"parl.DruzPolZb","seja",47,"1992-10-21","15:05:00","16:50:00","PersakAnton1947",1,"DruzPolZb.1992-10-21.s047-04.sp-417","DruzPolZb.1992-10-21.s047-04.sp-417.17",DruzPolZb.1992-10-21.s047-04.toc-item5,"taxonomy.3.8.7","topic.349","utterance","Se je kdo vzdržal?"
"parl.DruzPolZb","seja",47,"1992-10-21","15:05:00","16:50:00","",0,"DruzPolZb.1992-10-21.s047-04.sp-417","DruzPolZb.1992-10-21.s047-04.sp-417.18",DruzPolZb.1992-10-21.s047-04.toc-item5,"","","vote","21 poslancev."
"parl.DruzPolZb","seja",47,"1992-10-21","15:05:00","16:50:00","PersakAnton1947",1,"DruzPolZb.1992-10-21.s047-04.sp-417","DruzPolZb.1992-10-21.s047-04.sp-417.19",DruzPolZb.1992-10-21.s047-04.toc-item5,"taxonomy.3.8.7","topic.349","utterance","Ugotavljam, da s 4 glasovi za, 15 proti in 21 vzdržanimi amandma ni sprejet."
"parl.DruzPolZb","seja",47,"1992-10-21","15:05:00","16:50:00","PersakAnton1947",1,"DruzPolZb.1992-10-21.s047-04.sp-417","DruzPolZb.1992-10-21.s047-04.sp-417.20",DruzPolZb.1992-10-21.s047-04.toc-item5,"taxonomy.3.8.7","topic.349","utterance","Gospod Anderlič je vložil amandma k istemu členu pod številko tri na strani 7. Vlada nasprotuje, odbor ne podpira amandmaja. Gospod Anderlič bo razložil glas."
"parl.DruzPolZb","seja",47,"1992-10-21","15:05:00","16:50:00","",0,"DruzPolZb.1992-10-21.s047-04.sp-418","DruzPolZb.1992-10-21.s047-04.sp-418.1",DruzPolZb.1992-10-21.s047-04.toc-item5,"","","speaker","TONE ANDERLIČ:"
"parl.DruzPolZb","seja",47,"1992-10-21","15:05:00","16:50:00","AnderlicTone1956",0,"DruzPolZb.1992-10-21.s047-04.sp-418","DruzPolZb.1992-10-21.s047-04.sp-418.2",DruzPolZb.1992-10-21.s047-04.toc-item5,"taxonomy.3.8.7","topic.349","utterance","Tukaj bom glasoval za. Gre preprosto za podobno zadevo kot pri prejšnjem členu. Namreč, vsi ti, ki so bili upravičeni in so tudi vlagali določena sredstva, nimajo možnosti za odškodnino in s priznanico se jim lahko na nek način prizna to kot odškodnino in dobijo nek del preko tega vrnjen nazaj. Smatram, da je amandma smiselen in bom glasoval za. Hvala."
"parl.DruzPolZb","seja",47,"1992-10-21","15:05:00","16:50:00","",0,"DruzPolZb.1992-10-21.s047-04.sp-419","DruzPolZb.1992-10-21.s047-04.sp-419.1",DruzPolZb.1992-10-21.s047-04.toc-item5,"","","speaker","PODPREDSEDNIK ANTON PERŠAK:"
"parl.DruzPolZb","seja",47,"1992-10-21","15:05:00","16:50:00","PersakAnton1947",1,"DruzPolZb.1992-10-21.s047-04.sp-419","DruzPolZb.1992-10-21.s047-04.sp-419.2",DruzPolZb.1992-10-21.s047-04.toc-item5,"taxonomy.3.8.7","topic.349","utterance","Hvala."
"parl.DruzPolZb","seja",47,"1992-10-21","15:05:00","16:50:00","PersakAnton1947",1,"DruzPolZb.1992-10-21.s047-04.sp-419","DruzPolZb.1992-10-21.s047-04.sp-419.3",DruzPolZb.1992-10-21.s047-04.toc-item5,"taxonomy.3.8.7","topic.349","utterance","Kdor je za, naj prosim glasuje."
"parl.DruzPolZb","seja",47,"1992-10-21","15:05:00","16:50:00","",0,"DruzPolZb.1992-10-21.s047-04.sp-419","DruzPolZb.1992-10-21.s047-04.sp-419.4",DruzPolZb.1992-10-21.s047-04.toc-item5,"","","vote","20 poslancev."
"parl.DruzPolZb","seja",47,"1992-10-21","15:05:00","16:50:00","PersakAnton1947",1,"DruzPolZb.1992-10-21.s047-04.sp-419","DruzPolZb.1992-10-21.s047-04.sp-419.5",DruzPolZb.1992-10-21.s047-04.toc-item5,"taxonomy.3.8.7","topic.349","utterance","Je kdo proti?"
"parl.DruzPolZb","seja",47,"1992-10-21","15:05:00","16:50:00","",0,"DruzPolZb.1992-10-21.s047-04.sp-419","DruzPolZb.1992-10-21.s047-04.sp-419.6",DruzPolZb.1992-10-21.s047-04.toc-item5,"","","vote","14 poslancev."
"parl.DruzPolZb","seja",47,"1992-10-21","15:05:00","16:50:00","PersakAnton1947",1,"DruzPolZb.1992-10-21.s047-04.sp-419","DruzPolZb.1992-10-21.s047-04.sp-419.7",DruzPolZb.1992-10-21.s047-04.toc-item5,"taxonomy.3.8.7","topic.349","utterance","Se je kdo vzdržal?"
"parl.DruzPolZb","seja",47,"1992-10-21","15:05:00","16:50:00","",0,"DruzPolZb.1992-10-21.s047-04.sp-419","DruzPolZb.1992-10-21.s047-04.sp-419.8",DruzPolZb.1992-10-21.s047-04.toc-item5,"","","vote","9 poslancev."
"parl.DruzPolZb","seja",47,"1992-10-21","15:05:00","16:50:00","PersakAnton1947",1,"DruzPolZb.1992-10-21.s047-04.sp-419","DruzPolZb.1992-10-21.s047-04.sp-419.9",DruzPolZb.1992-10-21.s047-04.toc-item5,"taxonomy.3.8.7","topic.349","utterance","Ugotavljam, da s 20 glasovi za, 14 proti in 9 vzdržanimi amandma ni bil sprejet."
"parl.DruzPolZb","seja",47,"1992-10-21","15:05:00","16:50:00","PersakAnton1947",1,"DruzPolZb.1992-10-21.s047-04.sp-419","DruzPolZb.1992-10-21.s047-04.sp-419.10",DruzPolZb.1992-10-21.s047-04.toc-item5,"taxonomy.3.8.7","topic.349","utterance","Glasujemo o zakonu vključno z amandmaji, kot smo jih sprejeli. Prosim, preverimo navzočnost. Vse navzoče prosim, da potrdijo navzočnost."
"parl.DruzPolZb","seja",47,"1992-10-21","15:05:00","16:50:00","",0,"DruzPolZb.1992-10-21.s047-04.sp-419","DruzPolZb.1992-10-21.s047-04.sp-419.11",DruzPolZb.1992-10-21.s047-04.toc-item5,"","","quorum","44 navzočih."
"parl.DruzPolZb","seja",47,"1992-10-21","15:05:00","16:50:00","PersakAnton1947",1,"DruzPolZb.1992-10-21.s047-04.sp-419","DruzPolZb.1992-10-21.s047-04.sp-419.12",DruzPolZb.1992-10-21.s047-04.toc-item5,"taxonomy.3.8.7","topic.349","utterance","Gospod Kolešnik je dvignil roko za obrazložitev glasu."
"parl.DruzPolZb","seja",47,"1992-10-21","15:05:00","16:50:00","",0,"DruzPolZb.1992-10-21.s047-04.sp-420","DruzPolZb.1992-10-21.s047-04.sp-420.1",DruzPolZb.1992-10-21.s047-04.toc-item5,"","","speaker","CIRIL KOLEŠNIK:"
"parl.DruzPolZb","seja",47,"1992-10-21","15:05:00","16:50:00","KolesnikCiril",0,"DruzPolZb.1992-10-21.s047-04.sp-420","DruzPolZb.1992-10-21.s047-04.sp-420.2",DruzPolZb.1992-10-21.s047-04.toc-item5,"taxonomy.3.8.7","topic.349","utterance","Spoštovani! Tako kot je sedaj zakon predlagan, s temi sprejetimi amandmaji, moram obrazložit glas in sicer, da bom glasoval proti temu zakonu. Na žalost. Saj druge možnosti niti nimam. Prvič, zato, ker je ta zakon v bistvu izvedenka, ker to ni sistemski zakon. Gre za to, da bi najprej moral najprej biti sprejet zakon o kmetijstvu, zakon o kmetijskih zemljiščih, ki ga nimamo, kar je osnova za zakon v skladu kmetijskih zemljišč. Drugič. Ker danes gospa Martina Lippai, predstavnica ministrstva, ni razložila, utemeljila, zakaj se ustanavlja mimo tega zakona na osnovi odločitve (verjetno vlade in ministrstva) vzporedna služba, kmetijska zemljiška služba, ki bo v bistvu pandan skladu kmetijskih zemljišč, se pravi, da bo vzporedna služba in da se bodo med njima naloge prepletale, oziroma bo ena in druga služba opravljala iste naloge. Tretjič, ker gre za nacionalizacijo, dejansko, neodplačano nacionalizacijo, kateri smo se odrekli in prisegali, da teh nacionalizacij več ne bo. Danes jo s sprejemom tega zakona ponovno uvajamo. Četrtič. Zato ker gre v bistvu za kršitev ustave, kar bo moralo presoditi Ustavno sodišče, vendar se s tem zakonom jemlje pravica lokalnim skupnostim imeti premoženje v tem primeru kmetijska zemljišča in gozdna zemljišča. To mislim, da je v nasprotju z ustavo. Še ena zadeva. Ta zakon, da je res tako, Zbor občin niti ni uvrstil na dnevni red. In zaradi vseh teh razlogov bom glasoval proti zakonu - na žalost."
"parl.DruzPolZb","seja",47,"1992-10-21","15:05:00","16:50:00","",0,"DruzPolZb.1992-10-21.s047-04.sp-421","DruzPolZb.1992-10-21.s047-04.sp-421.1",DruzPolZb.1992-10-21.s047-04.toc-item5,"","","speaker","PODPREDSEDNIK ANTON PERŠAK:"
"parl.DruzPolZb","seja",47,"1992-10-21","15:05:00","16:50:00","PersakAnton1947",1,"DruzPolZb.1992-10-21.s047-04.sp-421","DruzPolZb.1992-10-21.s047-04.sp-421.2",DruzPolZb.1992-10-21.s047-04.toc-item5,"taxonomy.3.8.7","topic.349","utterance","Hvala. Prosim, še gospod Potočnik bo obrazložil glas in potem gospa Lokar."
"parl.DruzPolZb","seja",47,"1992-10-21","15:05:00","16:50:00","",0,"DruzPolZb.1992-10-21.s047-04.sp-422","DruzPolZb.1992-10-21.s047-04.sp-422.1",DruzPolZb.1992-10-21.s047-04.toc-item5,"","","speaker","FRANC POTOČNIK:"
"parl.DruzPolZb","seja",47,"1992-10-21","15:05:00","16:50:00","PotočnikFranc1955",0,"DruzPolZb.1992-10-21.s047-04.sp-422","DruzPolZb.1992-10-21.s047-04.sp-422.2",DruzPolZb.1992-10-21.s047-04.toc-item5,"taxonomy.3.8.7","topic.349","utterance","Glasoval bom za ta zakon, čeprav niso bili vsi amandmaji odbora sprejeti, vendarle globalne stvari so v zakon zdaj vključene in mislim, da nam tak zakon omogoča res eno nacionalno politiko gospodarjenja s kmetijskimi zemljišči in gozdovi. Hkrati pa tudi dopušča oziroma omogoča, da del teh kmetijskih zemljišč in gozdov v skladu s svojimi potrebami dobijo lokalne skupnosti, kot piše v 17. členu in mislim, da je vsem zainteresiranim, s temi amandmaji, ki so bili sprejeti in z besedilom zakona, zadoščeno. Zato še enkrat: glasoval bom za ta zakon."
"parl.DruzPolZb","seja",47,"1992-10-21","15:05:00","16:50:00","",0,"DruzPolZb.1992-10-21.s047-04.sp-423","DruzPolZb.1992-10-21.s047-04.sp-423.1",DruzPolZb.1992-10-21.s047-04.toc-item5,"","","speaker","PODPREDSEDNIK ANTON PERŠAK:"
"parl.DruzPolZb","seja",47,"1992-10-21","15:05:00","16:50:00","PersakAnton1947",1,"DruzPolZb.1992-10-21.s047-04.sp-423","DruzPolZb.1992-10-21.s047-04.sp-423.2",DruzPolZb.1992-10-21.s047-04.toc-item5,"taxonomy.3.8.7","topic.349","utterance","Hvala. Gospa Lokar."
"parl.DruzPolZb","seja",47,"1992-10-21","15:05:00","16:50:00","",0,"DruzPolZb.1992-10-21.s047-04.sp-424","DruzPolZb.1992-10-21.s047-04.sp-424.1",DruzPolZb.1992-10-21.s047-04.toc-item5,"","","speaker","SONJA LOKAR:"
"parl.DruzPolZb","seja",47,"1992-10-21","15:05:00","16:50:00","LokarSonja1948",0,"DruzPolZb.1992-10-21.s047-04.sp-424","DruzPolZb.1992-10-21.s047-04.sp-424.2",DruzPolZb.1992-10-21.s047-04.toc-item5,"taxonomy.3.8.7","topic.349","utterance","Kot veste, smo v Stranki demokratične prenove ves čas nasprotovali samemu konceptu tega zakona. Zakon, ki podržavlja zemljo, ki je danes v družbeni lasti, nas vrača v realsocialistične čase, zato mu nasprotujem. Zakon, ki jemlje celo odplačno pridobljeno zemljo in gozdove kmetijskih posestev, nas s tem obsoja na možno izgubo 80% tržno pridelane hrane, zato mu nasprotujem. Zakon, ki razlašča in spravlja na beraško palico delavce, ki danes delajo na doslej družbeni zemlji, je krivičen in mu tudi zato nasprotujem. Glasovala bom proti."
"parl.DruzPolZb","seja",47,"1992-10-21","15:05:00","16:50:00","",0,"DruzPolZb.1992-10-21.s047-04.sp-425","DruzPolZb.1992-10-21.s047-04.sp-425.1",DruzPolZb.1992-10-21.s047-04.toc-item5,"","","speaker","PODPREDSEDNIK ANTON PERŠAK:"
"parl.DruzPolZb","seja",47,"1992-10-21","15:05:00","16:50:00","PersakAnton1947",1,"DruzPolZb.1992-10-21.s047-04.sp-425","DruzPolZb.1992-10-21.s047-04.sp-425.2",DruzPolZb.1992-10-21.s047-04.toc-item5,"taxonomy.3.8.7","topic.349","utterance","Hvala. Gospod Zagožen bo obrazložil svoj glas."
"parl.DruzPolZb","seja",47,"1992-10-21","15:05:00","16:50:00","",0,"DruzPolZb.1992-10-21.s047-04.sp-426","DruzPolZb.1992-10-21.s047-04.sp-426.1",DruzPolZb.1992-10-21.s047-04.toc-item5,"","","speaker","DR. FRANC ZAGOŽEN:"
"parl.DruzPolZb","seja",47,"1992-10-21","15:05:00","16:50:00","ZagozenFrance1942",0,"DruzPolZb.1992-10-21.s047-04.sp-426","DruzPolZb.1992-10-21.s047-04.sp-426.2",DruzPolZb.1992-10-21.s047-04.toc-item5,"taxonomy.3.8.7","topic.349","utterance","Jaz bom glasoval za ta zakon danes, ker nisem imel priložnosti že pred kakima dvema letoma. Ta zakon nas v kmetijski politiki in gospodarjenju z zemljo in gozdovi približuje najbolj Nizozemski, ki nikakor ni realsocialistična in je lahko za vzor mislim da tudi drugim evropskih državam, zato bom glasoval za ta zakon. Hvala."
"parl.DruzPolZb","seja",47,"1992-10-21","15:05:00","16:50:00","",0,"DruzPolZb.1992-10-21.s047-04.sp-427","DruzPolZb.1992-10-21.s047-04.sp-427.1",DruzPolZb.1992-10-21.s047-04.toc-item5,"","","speaker","PODPREDSEDNIK ANTON PERŠAK:"
"parl.DruzPolZb","seja",47,"1992-10-21","15:05:00","16:50:00","PersakAnton1947",1,"DruzPolZb.1992-10-21.s047-04.sp-427","DruzPolZb.1992-10-21.s047-04.sp-427.2",DruzPolZb.1992-10-21.s047-04.toc-item5,"taxonomy.3.8.7","topic.349","utterance","Hvala."
"parl.DruzPolZb","seja",47,"1992-10-21","15:05:00","16:50:00","PersakAnton1947",1,"DruzPolZb.1992-10-21.s047-04.sp-427","DruzPolZb.1992-10-21.s047-04.sp-427.3",DruzPolZb.1992-10-21.s047-04.toc-item5,"taxonomy.3.8.7","topic.349","utterance","Kdor je za, naj prosim glasuje."
"parl.DruzPolZb","seja",47,"1992-10-21","15:05:00","16:50:00","",0,"DruzPolZb.1992-10-21.s047-04.sp-427","DruzPolZb.1992-10-21.s047-04.sp-427.4",DruzPolZb.1992-10-21.s047-04.toc-item5,"","","vote","29 poslancev."
"parl.DruzPolZb","seja",47,"1992-10-21","15:05:00","16:50:00","PersakAnton1947",1,"DruzPolZb.1992-10-21.s047-04.sp-427","DruzPolZb.1992-10-21.s047-04.sp-427.5",DruzPolZb.1992-10-21.s047-04.toc-item5,"taxonomy.3.8.7","topic.349","utterance","Je kdo proti?"
"parl.DruzPolZb","seja",47,"1992-10-21","15:05:00","16:50:00","",0,"DruzPolZb.1992-10-21.s047-04.sp-427","DruzPolZb.1992-10-21.s047-04.sp-427.6",DruzPolZb.1992-10-21.s047-04.toc-item5,"","","vote","9 poslancev."
"parl.DruzPolZb","seja",47,"1992-10-21","15:05:00","16:50:00","PersakAnton1947",1,"DruzPolZb.1992-10-21.s047-04.sp-427","DruzPolZb.1992-10-21.s047-04.sp-427.7",DruzPolZb.1992-10-21.s047-04.toc-item5,"taxonomy.3.8.7","topic.349","utterance","Se je kdo vzdržal?"
"parl.DruzPolZb","seja",47,"1992-10-21","15:05:00","16:50:00","",0,"DruzPolZb.1992-10-21.s047-04.sp-427","DruzPolZb.1992-10-21.s047-04.sp-427.8",DruzPolZb.1992-10-21.s047-04.toc-item5,"","","vote","4 poslanci."
"parl.DruzPolZb","seja",47,"1992-10-21","15:05:00","16:50:00","PersakAnton1947",1,"DruzPolZb.1992-10-21.s047-04.sp-427","DruzPolZb.1992-10-21.s047-04.sp-427.9",DruzPolZb.1992-10-21.s047-04.toc-item5,"taxonomy.3.8.7","topic.349","utterance","Ugotavljam, da je z 29 glasovi za, 9 proti in 4 vzdržanimi zakon sprejet."
"parl.DruzPolZb","seja",47,"1992-10-21","15:05:00","16:50:00","PersakAnton1947",1,"DruzPolZb.1992-10-21.s047-04.sp-427","DruzPolZb.1992-10-21.s047-04.sp-427.10",DruzPolZb.1992-10-21.s047-04.toc-item5,"taxonomy.3.8.7","topic.349","utterance","Prosim, da imanujemo še komisijo za usklajevanje, če bo seveda potrebno. Potočnik, Anderlič, Kolešnik, Zagožen, Potrč. Hvala. Potočnik, Anderlič, Kolešnik, Zagožen, Potrč. Gospod Šešerko, Pučnik. Jaz vas moram opozoriti na to, kar sem danes že tu enkrat opozarjal, da smo se načelno zmenili, da ne bomo po več ljudi iz istih strank. Bomo glasovali. Zdaj imamo sedem predlogov in bomo glasovali po vrsti. Vsak, kot pravi predsednik, ima pravico petkrat glasovati. Gospod Šešerko ne želi; zdaj jih imamo šest. Še vedno ima vsak petkrat pravico glasovati; seveda je to stvar morale. Gospod Pučnik tudi odstopa. Se pravi, da imamo še pet kandidatov: Potočnik, Anderlič, Kolešnik, Zagožen, Potrč. Prosim."
"parl.DruzPolZb","seja",47,"1992-10-21","15:05:00","16:50:00","PersakAnton1947",1,"DruzPolZb.1992-10-21.s047-04.sp-427","DruzPolZb.1992-10-21.s047-04.sp-427.11",DruzPolZb.1992-10-21.s047-04.toc-item5,"taxonomy.3.8.7","topic.349","utterance","Kdor je za, naj prosim glasuje."
"parl.DruzPolZb","seja",47,"1992-10-21","15:05:00","16:50:00","",0,"DruzPolZb.1992-10-21.s047-04.sp-427","DruzPolZb.1992-10-21.s047-04.sp-427.12",DruzPolZb.1992-10-21.s047-04.toc-item5,"","","vote","41 poslancev."
"parl.DruzPolZb","seja",47,"1992-10-21","15:05:00","16:50:00","PersakAnton1947",1,"DruzPolZb.1992-10-21.s047-04.sp-427","DruzPolZb.1992-10-21.s047-04.sp-427.13",DruzPolZb.1992-10-21.s047-04.toc-item5,"taxonomy.3.8.7","topic.349","utterance","Je kdo proti?"
"parl.DruzPolZb","seja",47,"1992-10-21","15:05:00","16:50:00","",0,"DruzPolZb.1992-10-21.s047-04.sp-427","DruzPolZb.1992-10-21.s047-04.sp-427.14",DruzPolZb.1992-10-21.s047-04.toc-item5,"","","vote","1 poslanec."
"parl.DruzPolZb","seja",47,"1992-10-21","15:05:00","16:50:00","PersakAnton1947",1,"DruzPolZb.1992-10-21.s047-04.sp-427","DruzPolZb.1992-10-21.s047-04.sp-427.15",DruzPolZb.1992-10-21.s047-04.toc-item5,"taxonomy.3.8.7","topic.349","utterance","Se je kdo vzdržal?"
"parl.DruzPolZb","seja",47,"1992-10-21","15:05:00","16:50:00","",0,"DruzPolZb.1992-10-21.s047-04.sp-427","DruzPolZb.1992-10-21.s047-04.sp-427.16",DruzPolZb.1992-10-21.s047-04.toc-item5,"","","vote","Nihče."
"parl.DruzPolZb","seja",47,"1992-10-21","15:05:00","16:50:00","PersakAnton1947",1,"DruzPolZb.1992-10-21.s047-04.sp-427","DruzPolZb.1992-10-21.s047-04.sp-427.17",DruzPolZb.1992-10-21.s047-04.toc-item5,"taxonomy.3.8.7","topic.349","utterance","Ugotavljam, da so bili z 41 glasovi za in enim proti imenovani Potočnik, Anderlič, Kolešnik, Zagožen in Potrč. (Če se ne bo strinjal, bomo še enkrat glasovali za eno mesto. Ampak glede na amandmaje predpostavljam, da se bo strinjal.)"
"parl.DruzPolZb","seja",47,"1992-10-21","15:05:00","16:50:00","PersakAnton1947",1,"DruzPolZb.1992-10-21.s047-04.sp-427","DruzPolZb.1992-10-21.s047-04.sp-427.18",DruzPolZb.1992-10-21.s047-04.toc-item6,"taxonomy.3.6.10","topic.278","utterance","Prehajamo na naslednjo 9. TOČKO DNEVNEGA REDA: OSNUTEK ZAKONA O PRISILNI PORAVNAVI IN STEČAJU."
"parl.DruzPolZb","seja",47,"1992-10-21","15:05:00","16:50:00","PersakAnton1947",1,"DruzPolZb.1992-10-21.s047-04.sp-427","DruzPolZb.1992-10-21.s047-04.sp-427.19",DruzPolZb.1992-10-21.s047-04.toc-item6,"taxonomy.3.6.10","topic.278","utterance","Osnutek zakona je Skupščini Republike Slovenije predložila v obravnavo Vlada Republike Slovenije. Osnutek zakona je obravnaval Odbor za pravosodje in upravo kot matično delovno telo, ki k osnutku zakona ni imel pripomb, mnenj, stališč ali predlogov. Odbor zato predlaga zborom, da osnutek zakona o prisilni poravnavi in stečaju - prosim poslance, da ne odhajate, ker imamo na dnevnem redu še nekaj stvari - Odbor predlaga zborom, da uvrstijo na dnevne rede sej zborov ta osnutek. Zakonodajno pravna komisija do 14.10. tega še ni obravnavala. Prejeli smo mnenje Gospodarske zbornice Slovenije k osnutku zakona o prisilni poravnavi in stečaju z dne 30.9. Na klop ste prejeli mnenje Zveze svobodnih sindikatov Slovenije, Neodvisnosti - konfederacije novih sindikatov Slovenije. Predstavnik vlade k tej točki je gospod Tratnik. Želi besedo?"
"parl.DruzPolZb","seja",47,"1992-10-21","15:05:00","16:50:00","",0,"DruzPolZb.1992-10-21.s047-04.sp-427","DruzPolZb.1992-10-21.s047-04.sp-427.20",DruzPolZb.1992-10-21.s047-04.toc-item6,"","","debate","Ne želi."
"parl.DruzPolZb","seja",47,"1992-10-21","15:05:00","16:50:00","PersakAnton1947",1,"DruzPolZb.1992-10-21.s047-04.sp-427","DruzPolZb.1992-10-21.s047-04.sp-427.21",DruzPolZb.1992-10-21.s047-04.toc-item6,"taxonomy.3.6.10","topic.278","utterance","Želijo besedo poročevalci delovnih teles? Še enkrat opozarjam na to, da zakonodajno pravna ni obravnavala tega osnutka. S tem ni dala svojih pripomb."
"parl.DruzPolZb","seja",47,"1992-10-21","15:05:00","16:50:00","PersakAnton1947",1,"DruzPolZb.1992-10-21.s047-04.sp-427","DruzPolZb.1992-10-21.s047-04.sp-427.22",DruzPolZb.1992-10-21.s047-04.toc-item6,"taxonomy.3.6.10","topic.278","utterance","Prosim, zahtevajo, da se preveri navzočnost. Preverjamo navzočnost."
"parl.DruzPolZb","seja",47,"1992-10-21","15:05:00","16:50:00","",0,"DruzPolZb.1992-10-21.s047-04.sp-427","DruzPolZb.1992-10-21.s047-04.sp-427.23",DruzPolZb.1992-10-21.s047-04.toc-item6,"","","quorum","30 prisotnih."
"parl.DruzPolZb","seja",47,"1992-10-21","15:05:00","16:50:00","PersakAnton1947",1,"DruzPolZb.1992-10-21.s047-04.sp-427","DruzPolZb.1992-10-21.s047-04.sp-427.24",DruzPolZb.1992-10-21.s047-04.toc-item6,"taxonomy.3.6.10","topic.278","utterance","Glede na zmagoslavje, predvidevam, da ne bomo več sklepčni. Jutri ob 10. uri nadaljujemo sejo zbora. Jutri ob 10.00 je razpisana seja."
"parl.DruzPolZb","seja",47,"1992-10-21","15:05:00","16:50:00","",0,"DruzPolZb.1992-10-21.s047-04.sp-427","DruzPolZb.1992-10-21.s047-04.sp-427.25",DruzPolZb.1992-10-21.s047-04.toc-item6,"","","time","SEJA JE BILA PREKINJENA 21.10.1992 OB 16.50 URI IN SE JE NADALJEVALA 22.10.1992 OB 10.20 URI."
